tests/ATP:
DEFAULT: config (0): N/A with E=1.79769e+308; []

M0 for :
1 0 0 0 0 1 0 0 1 0 0 0 0 0 1 1 0 0 0 0 0 0 0 0 0 0 0 0 0 0 0 
0 1 1 0 1 0 0 0 0 1 0 0 0 0 0 0 0 0 0 0 0 0 0 0 0 0 0 0 0 0 0 
0 0 0 0 0 0 0 0 0 0 0 0 0 0 0 0 0 0 0 0 0 0 0 0 0 0 0 0 0 0 0 
0 0 0 0 0 0 1 0 0 0 0 0 0 1 0 0 0 1 1 0 0 0 0 0 0 0 0 0 0 0 0 
0 0 0 0 0 0 1 0 0 0 0 0 0 1 0 0 0 1 1 0 0 0 0 0 0 0 0 0 0 0 0 
0 primes tested
finding indices for +1 nitrogens: []
adding hydrogens to:
0 (type 7): 0
1 (type 6): 0
2 (type 6): 1
3 (type 6): 1
4 (type 6): 0
5 (type 7): 0
6 (type 8): 0
7 (type 6): 1
8 (type 7): 0
9 (type 6): 0
10 (type 6): 1
11 (type 6): 1
12 (type 6): 1
13 (type 8): 1
14 (type 7): 0
15 (type 7): 2
16 (type 6): 2
17 (type 8): 1
18 (type 8): 0
19 (type 15): 0
20 (type 8): 0
21 (type 8): 1
22 (type 8): 0
23 (type 15): 0
24 (type 8): 0
25 (type 8): 1
26 (type 8): 0
27 (type 15): 0
28 (type 8): 1
29 (type 8): 1
30 (type 8): 0
16 hydrogens to be added
0 1 1 1 0 0 0 0 0 0 0 0 0 0 0 0 0 0 0 0 0 0 0 0 0 0 0 0 0 0 0 0 0 0 0 0 0 0 0 0 0 0 0 0 0 0 0 
1 0 0 0 2 1 0 0 0 0 0 0 0 0 0 0 0 0 0 0 0 0 0 0 0 0 0 0 0 0 0 0 0 0 0 0 0 0 0 0 0 0 0 0 0 0 0 
1 0 0 0 0 0 1 1 0 0 0 0 0 0 0 0 0 0 0 0 0 0 0 0 0 0 0 0 0 0 0 1 0 0 0 0 0 0 0 0 0 0 0 0 0 0 0 
1 0 0 0 0 0 0 0 2 0 0 0 0 0 0 0 0 0 0 0 0 0 0 0 0 0 0 0 0 0 0 0 1 0 0 0 0 0 0 0 0 0 0 0 0 0 0 
0 2 0 0 0 0 0 0 1 1 0 0 0 0 0 0 0 0 0 0 0 0 0 0 0 0 0 0 0 0 0 0 0 0 0 0 0 0 0 0 0 0 0 0 0 0 0 
0 1 0 0 0 0 0 0 0 0 2 0 0 0 0 0 0 0 0 0 0 0 0 0 0 0 0 0 0 0 0 0 0 0 0 0 0 0 0 0 0 0 0 0 0 0 0 
0 0 1 0 0 0 0 0 0 0 0 1 0 0 0 0 0 0 0 0 0 0 0 0 0 0 0 0 0 0 0 0 0 0 0 0 0 0 0 0 0 0 0 0 0 0 0 
0 0 1 0 0 0 0 0 0 0 0 0 1 1 0 0 0 0 0 0 0 0 0 0 0 0 0 0 0 0 0 0 0 1 0 0 0 0 0 0 0 0 0 0 0 0 0 
0 0 0 2 1 0 0 0 0 0 0 0 0 0 0 0 0 0 0 0 0 0 0 0 0 0 0 0 0 0 0 0 0 0 0 0 0 0 0 0 0 0 0 0 0 0 0 
0 0 0 0 1 0 0 0 0 0 0 0 0 0 2 1 0 0 0 0 0 0 0 0 0 0 0 0 0 0 0 0 0 0 0 0 0 0 0 0 0 0 0 0 0 0 0 
0 0 0 0 0 2 0 0 0 0 0 0 0 0 1 0 0 0 0 0 0 0 0 0 0 0 0 0 0 0 0 0 0 0 1 0 0 0 0 0 0 0 0 0 0 0 0 
0 0 0 0 0 0 1 0 0 0 0 0 1 0 0 0 1 0 0 0 0 0 0 0 0 0 0 0 0 0 0 0 0 0 0 1 0 0 0 0 0 0 0 0 0 0 0 
0 0 0 0 0 0 0 1 0 0 0 1 0 0 0 0 0 1 0 0 0 0 0 0 0 0 0 0 0 0 0 0 0 0 0 0 1 0 0 0 0 0 0 0 0 0 0 
0 0 0 0 0 0 0 1 0 0 0 0 0 0 0 0 0 0 0 0 0 0 0 0 0 0 0 0 0 0 0 0 0 0 0 0 0 1 0 0 0 0 0 0 0 0 0 
0 0 0 0 0 0 0 0 0 2 1 0 0 0 0 0 0 0 0 0 0 0 0 0 0 0 0 0 0 0 0 0 0 0 0 0 0 0 0 0 0 0 0 0 0 0 0 
0 0 0 0 0 0 0 0 0 1 0 0 0 0 0 0 0 0 0 0 0 0 0 0 0 0 0 0 0 0 0 0 0 0 0 0 0 0 1 1 0 0 0 0 0 0 0 
0 0 0 0 0 0 0 0 0 0 0 1 0 0 0 0 0 0 1 0 0 0 0 0 0 0 0 0 0 0 0 0 0 0 0 0 0 0 0 0 1 1 0 0 0 0 0 
0 0 0 0 0 0 0 0 0 0 0 0 1 0 0 0 0 0 0 0 0 0 0 0 0 0 0 0 0 0 0 0 0 0 0 0 0 0 0 0 0 0 1 0 0 0 0 
0 0 0 0 0 0 0 0 0 0 0 0 0 0 0 0 1 0 0 1 0 0 0 0 0 0 0 0 0 0 0 0 0 0 0 0 0 0 0 0 0 0 0 0 0 0 0 
0 0 0 0 0 0 0 0 0 0 0 0 0 0 0 0 0 0 1 0 1 1 2 0 0 0 0 0 0 0 0 0 0 0 0 0 0 0 0 0 0 0 0 0 0 0 0 
0 0 0 0 0 0 0 0 0 0 0 0 0 0 0 0 0 0 0 1 0 0 0 1 0 0 0 0 0 0 0 0 0 0 0 0 0 0 0 0 0 0 0 0 0 0 0 
0 0 0 0 0 0 0 0 0 0 0 0 0 0 0 0 0 0 0 1 0 0 0 0 0 0 0 0 0 0 0 0 0 0 0 0 0 0 0 0 0 0 0 1 0 0 0 
0 0 0 0 0 0 0 0 0 0 0 0 0 0 0 0 0 0 0 2 0 0 0 0 0 0 0 0 0 0 0 0 0 0 0 0 0 0 0 0 0 0 0 0 0 0 0 
0 0 0 0 0 0 0 0 0 0 0 0 0 0 0 0 0 0 0 0 1 0 0 0 1 1 2 0 0 0 0 0 0 0 0 0 0 0 0 0 0 0 0 0 0 0 0 
0 0 0 0 0 0 0 0 0 0 0 0 0 0 0 0 0 0 0 0 0 0 0 1 0 0 0 1 0 0 0 0 0 0 0 0 0 0 0 0 0 0 0 0 0 0 0 
0 0 0 0 0 0 0 0 0 0 0 0 0 0 0 0 0 0 0 0 0 0 0 1 0 0 0 0 0 0 0 0 0 0 0 0 0 0 0 0 0 0 0 0 1 0 0 
0 0 0 0 0 0 0 0 0 0 0 0 0 0 0 0 0 0 0 0 0 0 0 2 0 0 0 0 0 0 0 0 0 0 0 0 0 0 0 0 0 0 0 0 0 0 0 
0 0 0 0 0 0 0 0 0 0 0 0 0 0 0 0 0 0 0 0 0 0 0 0 1 0 0 0 1 1 2 0 0 0 0 0 0 0 0 0 0 0 0 0 0 0 0 
0 0 0 0 0 0 0 0 0 0 0 0 0 0 0 0 0 0 0 0 0 0 0 0 0 0 0 1 0 0 0 0 0 0 0 0 0 0 0 0 0 0 0 0 0 1 0 
0 0 0 0 0 0 0 0 0 0 0 0 0 0 0 0 0 0 0 0 0 0 0 0 0 0 0 1 0 0 0 0 0 0 0 0 0 0 0 0 0 0 0 0 0 0 1 
0 0 0 0 0 0 0 0 0 0 0 0 0 0 0 0 0 0 0 0 0 0 0 0 0 0 0 2 0 0 0 0 0 0 0 0 0 0 0 0 0 0 0 0 0 0 0 
0 0 1 0 0 0 0 0 0 0 0 0 0 0 0 0 0 0 0 0 0 0 0 0 0 0 0 0 0 0 0 0 0 0 0 0 0 0 0 0 0 0 0 0 0 0 0 
0 0 0 1 0 0 0 0 0 0 0 0 0 0 0 0 0 0 0 0 0 0 0 0 0 0 0 0 0 0 0 0 0 0 0 0 0 0 0 0 0 0 0 0 0 0 0 
0 0 0 0 0 0 0 1 0 0 0 0 0 0 0 0 0 0 0 0 0 0 0 0 0 0 0 0 0 0 0 0 0 0 0 0 0 0 0 0 0 0 0 0 0 0 0 
0 0 0 0 0 0 0 0 0 0 1 0 0 0 0 0 0 0 0 0 0 0 0 0 0 0 0 0 0 0 0 0 0 0 0 0 0 0 0 0 0 0 0 0 0 0 0 
0 0 0 0 0 0 0 0 0 0 0 1 0 0 0 0 0 0 0 0 0 0 0 0 0 0 0 0 0 0 0 0 0 0 0 0 0 0 0 0 0 0 0 0 0 0 0 
0 0 0 0 0 0 0 0 0 0 0 0 1 0 0 0 0 0 0 0 0 0 0 0 0 0 0 0 0 0 0 0 0 0 0 0 0 0 0 0 0 0 0 0 0 0 0 
0 0 0 0 0 0 0 0 0 0 0 0 0 1 0 0 0 0 0 0 0 0 0 0 0 0 0 0 0 0 0 0 0 0 0 0 0 0 0 0 0 0 0 0 0 0 0 
0 0 0 0 0 0 0 0 0 0 0 0 0 0 0 1 0 0 0 0 0 0 0 0 0 0 0 0 0 0 0 0 0 0 0 0 0 0 0 0 0 0 0 0 0 0 0 
0 0 0 0 0 0 0 0 0 0 0 0 0 0 0 1 0 0 0 0 0 0 0 0 0 0 0 0 0 0 0 0 0 0 0 0 0 0 0 0 0 0 0 0 0 0 0 
0 0 0 0 0 0 0 0 0 0 0 0 0 0 0 0 1 0 0 0 0 0 0 0 0 0 0 0 0 0 0 0 0 0 0 0 0 0 0 0 0 0 0 0 0 0 0 
0 0 0 0 0 0 0 0 0 0 0 0 0 0 0 0 1 0 0 0 0 0 0 0 0 0 0 0 0 0 0 0 0 0 0 0 0 0 0 0 0 0 0 0 0 0 0 
0 0 0 0 0 0 0 0 0 0 0 0 0 0 0 0 0 1 0 0 0 0 0 0 0 0 0 0 0 0 0 0 0 0 0 0 0 0 0 0 0 0 0 0 0 0 0 
0 0 0 0 0 0 0 0 0 0 0 0 0 0 0 0 0 0 0 0 0 1 0 0 0 0 0 0 0 0 0 0 0 0 0 0 0 0 0 0 0 0 0 0 0 0 0 
0 0 0 0 0 0 0 0 0 0 0 0 0 0 0 0 0 0 0 0 0 0 0 0 0 1 0 0 0 0 0 0 0 0 0 0 0 0 0 0 0 0 0 0 0 0 0 
0 0 0 0 0 0 0 0 0 0 0 0 0 0 0 0 0 0 0 0 0 0 0 0 0 0 0 0 1 0 0 0 0 0 0 0 0 0 0 0 0 0 0 0 0 0 0 
0 0 0 0 0 0 0 0 0 0 0 0 0 0 0 0 0 0 0 0 0 0 0 0 0 0 0 0 0 1 0 0 0 0 0 0 0 0 0 0 0 0 0 0 0 0 0 
applying initial correction factors:
origin is 0

all rings:
ring[N]: [0, 1, 3, 4, 8, ]
ring[N]: [0, 1, 3, 4, 8, ]
ring[N]: [0, 1, 3, 4, 8, ]
ring[N]: [0, 1, 3, 4, 8, ]
ring[N]: [0, 1, 3, 4, 8, ]
ring[N]: [0, 1, 3, 4, 8, ]
ring[N]: [0, 1, 3, 4, 8, ]
ring[N]: [0, 1, 3, 4, 8, ]
ring[Y]: [0, 1, 3, 4, 8, ]
ring[Y]: [0, 1, 3, 4, 8, ]
ring[N]: [2, 6, 7, 11, 12, ]
ring[N]: [2, 6, 7, 11, 12, ]
ring[N]: [2, 6, 7, 11, 12, ]
ring[N]: [2, 6, 7, 11, 12, ]
ring[N]: [2, 6, 7, 11, 12, ]
ring[N]: [2, 6, 7, 11, 12, ]
ring[N]: [2, 6, 7, 11, 12, ]
ring[N]: [2, 6, 7, 11, 12, ]
ring[N]: [2, 6, 7, 11, 12, ]
ring[N]: [2, 6, 7, 11, 12, ]
ring[Y]: [1, 4, 5, 9, 10, 14, ]
ring[Y]: [1, 4, 5, 9, 10, 14, ]
ring[Y]: [1, 4, 5, 9, 10, 14, ]
ring[Y]: [1, 4, 5, 9, 10, 14, ]
ring[Y]: [1, 4, 5, 9, 10, 14, ]
ring[Y]: [1, 4, 5, 9, 10, 14, ]
ring[Y]: [1, 4, 5, 9, 10, 14, ]
ring[Y]: [1, 4, 5, 9, 10, 14, ]
ring[Y]: [1, 4, 5, 9, 10, 14, ]
ring[Y]: [1, 4, 5, 9, 10, 14, ]
ring[Y]: [1, 4, 5, 9, 10, 14, ]
ring[Y]: [1, 4, 5, 9, 10, 14, ]

unique rings:
ring[N]: [0, 1, 3, 4, 8, ]
ring[N]: [2, 6, 7, 11, 12, ]
ring[Y]: [1, 4, 5, 9, 10, 14, ]
testing ring[Y]: [1, 4, 5, 9, 10, 14, ]
against ring[N]: [0, 1, 3, 4, 8, ] -> intersection is [1, 4, ]
against ring[N]: [2, 6, 7, 11, 12, ] -> intersection is []
accepted
testing ring[N]: [2, 6, 7, 11, 12, ]
against ring[N]: [0, 1, 3, 4, 8, ] -> intersection is []
accepted

valid (tagged) rings:
ring[Y]: [1, 4, 5, 9, 10, 14, ]
heteroaromatic: -1.95

ring[Y]: [2, 6, 7, 11, 12, ]
heteroaromatic: -1.95

ring[Y]: [0, 1, 3, 4, 8, ]
heteroaromatic: -1.95

data/2008/201-202.smol:
DEFAULT: config (0): N/A with E=12.7; []

data/2008/203.smol:
DEFAULT: config (0): N/A with E=32.4; []

data/2008/204.smol:
DEFAULT: config (0): N/A with E=-156; []

data/2008/205-206.smol:
DEFAULT: config (0): N/A with E=8.77; []
RING:1: config (0x103e40): [-2, -1, -1, ] with E=0.72; []

data/2008/207.smol:
DEFAULT: config (0): N/A with E=5.69; []

data/2008/208.smol:
DEFAULT: config (0): N/A with E=21.9; []

data/2008/301.smol:
DEFAULT: config (0): N/A with E=-254; []

data/2008/302.smol:
DEFAULT: config (0): N/A with E=-205; []

data/2008/303-304.smol:
DEFAULT: config (0): N/A with E=-208; []
RING:1: config (0x1048c0): [-1, 1, 1, -1, 0, 0, 0, ] with E=-190; []

data/2008/305.smol:
DEFAULT: config (0): N/A with E=-234; []

data/2008/306.smol:
DEFAULT: config (0): N/A with E=-298; []

data/2008/401.smol:
DEFAULT: config (0): N/A with E=-6.25; []

data/2008/402.smol:
DEFAULT: config (0): N/A with E=2.04; []

data/2008/403.smol:
DEFAULT: config (0): N/A with E=5.95; []

data/2008/404-405.409.smol:
DEFAULT: config (0): N/A with E=24.4; []
RING:1: config (0x104760): [2, -1, -1, -1, ] with E=12.4; []
RING:2: config (0x104e30): [1, -1, -1, -1, ] with E=22.1; []

data/2008/406-407.smol:
DEFAULT: config (0): N/A with E=10.5; []
RING:1: config (0x104ef0): [-2, 0, -1, -1, ] with E=6.18; []

data/2008/408.smol:
DEFAULT: config (0): N/A with E=15.5; []

data/2008/410.smol:
DEFAULT: config (0): N/A with E=61.4; []

data/2008/411.smol:
DEFAULT: config (0): N/A with E=-21.7; []

data/2008/412.smol:
DEFAULT: config (0): N/A with E=-22.7; []

data/2008/413.smol:
DEFAULT: config (0): N/A with E=1.79769e+308; []
RING:1: config (0x104ee0): [1, 0, -1, -1, ] with E=4.37; []

data/2008/414-415.smol:
DEFAULT: config (0): N/A with E=16.1; []
RING:1: config (0x1055c0): [1, -1, -1, ] with E=4.17; []

data/2008/416-417.smol:
DEFAULT: config (0): N/A with E=1.79769e+308; []
RING:1: config (0x105560): [2, -1, -1, -1, ] with E=3.77; []
RING:2: config (0x104d10): [1, -2, -1, -2, ] with E=13.5; []
RING:3: config (0x104d00): [1, -1, -2, -2, ] with E=13.5; []

data/2008/418.smol:
DEFAULT: config (0): N/A with E=-32.1; []

data/2008/502.smol:
DEFAULT: config (0): N/A with E=-41.5; []

data/2008/503-504.smol:
DEFAULT: config (0): N/A with E=-23.2; []
RING:1: config (0x1050d0): [1, -1, -1, ] with E=-36.6; []

data/2008/505-506.smol:
DEFAULT: config (0): N/A with E=-28.4; []
RING:1: config (0x104fc0): [1, 0, -1, -1, ] with E=-30.1; []

data/2008/507.smol:
DEFAULT: config (0): N/A with E=-30.4; []

data/2008/508.smol:
DEFAULT: config (0): N/A with E=-83.1; []

data/2008/509-510.smol:
DEFAULT: config (0): N/A with E=-75.3; []
RING:1: config (0x106440): [1, 0, 1, -1, -1, ] with E=-71; []

data/2008/601-602.605.smol:
AROMATIC:2: config (0x1065a0): [1, 0, -1, -1, ] with E=4.93; []
DEFAULT: config (0): N/A with E=12.8; []
RING:1: config (0x106580): [1, 0, -1, -1, ] with E=8.46; [AROMATIC, ]

data/2008/603.606-608.610-611.smol:
AROMATIC:1: config (0x106430): [2, -1, -1, -1, ] with E=-0.0245; []
AROMATIC:3: config (0x1066c0): [1, -2, -2, -1, ] with E=6.95; []
AROMATIC:4: config (0x1066e0): [1, -2, -1, -2, ] with E=6.95; []
DEFAULT: config (0): N/A with E=15.7; []
RING:2: config (0x1066d0): [2, -1, -1, -1, ] with E=16.7; [AROMATIC, ]
RING:5: config (0x106700): [1, -2, -2, -1, ] with E=32.1; []
RING:6: config (0x1066f0): [1, -2, -1, -2, ] with E=32.1; []
RING:7: config (0x106830): [1, -1, -2, -2, ] with E=11.7; [AROMATIC, ]

data/2008/604.smol:
DEFAULT: config (0): N/A with E=6.87; []

data/2008/612.smol:
DEFAULT: config (0): N/A with E=60.7; []

data/2008/613.smol:
DEFAULT: config (0): N/A with E=41.6; []

data/2008/701.smol:
DEFAULT: config (0): N/A with E=-3.65; []

data/2008/702-703.smol:
DEFAULT: config (0): N/A with E=1.62; []
RING:1: config (0x104c10): [1, 0, 0, -1, -1, ] with E=3.18; []

data/2008/704-706.smol:
DEFAULT: config (0): N/A with E=5.08; []
RING:1: config (0x106310): [2, 0, -1, -1, -1, ] with E=2.6; []
RING:2: config (0x106330): [1, 0, -1, -1, -1, ] with E=4.84; []

data/2008/707-709.smol:
DEFAULT: config (0): N/A with E=7.12; []
RING:1: config (0x104df0): [2, -1, -1, -1, -1, ] with E=-3.89; []
RING:2: config (0x106a80): [1, -1, -1, -1, -1, ] with E=7.17; []

data/2008/occc.smol:
DEFAULT: config (0): N/A with E=-1.55; []

correction occc.smol
M0 for occc.smol:
0 0 0 0 0 0 1 0 0 0 0 0 0 1 0 0 0 1 1 0 0 0 0 0 0 0 0 0 0 0 0 0 0 0 0 0 0 0 0 0 0 0 0 0 0 0 0 
0 0 1 0 0 0 0 1 0 0 0 1 1 0 0 0 1 0 0 0 0 0 0 0 0 0 0 0 0 0 0 0 0 0 0 0 0 0 0 0 0 0 0 0 0 0 0 
0 0 0 0 1 0 0 1 0 0 0 1 1 0 0 0 0 0 0 0 0 0 0 0 0 0 0 0 0 0 0 0 0 0 0 0 0 0 0 0 0 0 0 0 0 0 0 
0 1 1 0 1 0 0 1 0 1 0 1 1 0 0 0 1 0 0 0 0 0 0 0 0 0 0 0 0 0 0 0 0 0 0 0 0 0 0 0 0 0 0 0 0 0 0 
408 primes tested
all matches:
processed matches:
data/2008/occo.smol:
DEFAULT: config (0): N/A with E=2.46; []

correction occo.smol
M0 for occo.smol:
0 0 0 0 0 0 1 0 0 0 0 0 0 1 0 0 0 1 1 0 0 0 0 0 0 0 0 0 0 0 0 0 0 0 0 0 0 0 0 0 0 0 0 0 0 0 0 
0 0 1 0 0 0 0 1 0 0 0 1 1 0 0 0 1 0 0 0 0 0 0 0 0 0 0 0 0 0 0 0 0 0 0 0 0 0 0 0 0 0 0 0 0 0 0 
0 0 1 0 0 0 0 1 0 0 0 1 1 0 0 0 1 0 0 0 0 0 0 0 0 0 0 0 0 0 0 0 0 0 0 0 0 0 0 0 0 0 0 0 0 0 0 
0 0 0 0 0 0 1 0 0 0 0 0 0 1 0 0 0 1 1 0 0 0 0 0 0 0 0 0 0 0 0 0 0 0 0 0 0 0 0 0 0 0 0 0 0 0 0 
240 primes tested
all matches:
processed matches:
data/2008/occn.smol:
DEFAULT: config (0): N/A with E=-3.02; []

correction occn.smol
M0 for occn.smol:
0 0 0 0 0 0 1 0 0 0 0 0 0 1 0 0 0 1 1 0 0 0 0 0 0 0 0 0 0 0 0 0 0 0 0 0 0 0 0 0 0 0 0 0 0 0 0 
0 0 1 0 0 0 0 1 0 0 0 1 1 0 0 0 1 0 0 0 0 0 0 0 0 0 0 0 0 0 0 0 0 0 0 0 0 0 0 0 0 0 0 0 0 0 0 
0 1 1 0 1 0 0 0 0 1 0 0 0 0 0 0 0 0 0 0 0 0 0 0 0 0 0 0 0 0 0 0 0 0 0 0 0 0 0 0 0 0 0 0 0 0 0 
1 0 0 0 0 1 0 0 1 0 0 0 0 0 1 1 0 0 0 0 0 0 0 0 0 0 0 0 0 0 0 0 0 0 0 0 0 0 0 0 0 0 0 0 0 0 0 
380 primes tested
all matches:
processed matches:
data/2008/cccn.smol:
DEFAULT: config (0): N/A with E=-5.29; []

correction cccn.smol
M0 for cccn.smol:
0 1 1 0 1 0 0 1 0 1 0 1 1 0 0 0 1 0 0 0 0 0 0 0 0 0 0 0 0 0 0 0 0 0 0 0 0 0 0 0 0 0 0 0 0 0 0 
0 0 0 0 1 0 0 1 0 0 0 1 1 0 0 0 0 0 0 0 0 0 0 0 0 0 0 0 0 0 0 0 0 0 0 0 0 0 0 0 0 0 0 0 0 0 0 
0 1 1 0 1 0 0 0 0 1 0 0 0 0 0 0 0 0 0 0 0 0 0 0 0 0 0 0 0 0 0 0 0 0 0 0 0 0 0 0 0 0 0 0 0 0 0 
1 0 0 0 0 1 0 0 1 0 0 0 0 0 1 1 0 0 0 0 0 0 0 0 0 0 0 0 0 0 0 0 0 0 0 0 0 0 0 0 0 0 0 0 0 0 0 
450 primes tested
all matches:
[1, 4, 9, 14, ]/[1, 4, 9, 14, ]
processed matches:
[1, 4, 9, 14, ]/[1, 4, 9, 14, ]
applying -5.29 correction
data/2008/cccc.smol:
DEFAULT: config (0): N/A with E=-4.82; []

correction cccc.smol
M0 for cccc.smol:
0 1 1 0 1 0 0 1 0 1 0 1 1 0 0 0 1 0 0 0 0 0 0 0 0 0 0 0 0 0 0 0 0 0 0 0 0 0 0 0 0 0 0 0 0 0 0 
0 0 0 0 1 0 0 1 0 0 0 1 1 0 0 0 0 0 0 0 0 0 0 0 0 0 0 0 0 0 0 0 0 0 0 0 0 0 0 0 0 0 0 0 0 0 0 
0 0 0 0 1 0 0 1 0 0 0 1 1 0 0 0 0 0 0 0 0 0 0 0 0 0 0 0 0 0 0 0 0 0 0 0 0 0 0 0 0 0 0 0 0 0 0 
0 1 1 0 1 0 0 1 0 1 0 1 1 0 0 0 1 0 0 0 0 0 0 0 0 0 0 0 0 0 0 0 0 0 0 0 0 0 0 0 0 0 0 0 0 0 0 
360 primes tested
all matches:
processed matches:
data/2008/ordinal_carbon.smol:
DEFAULT: config (0): N/A with E=1.79769e+308; []

modifier ordinal_carbon.smol
M0 for ordinal_carbon.smol:
0 1 1 0 1 0 0 1 0 1 0 1 1 0 0 0 1 0 0 0 0 0 0 0 0 0 0 0 0 0 0 0 0 0 0 0 0 0 0 0 0 0 0 0 0 0 0 
0 1 1 0 1 0 0 1 0 1 0 1 1 0 0 0 1 0 0 0 0 0 0 0 0 0 0 0 0 0 0 0 0 0 0 0 0 0 0 0 0 0 0 0 0 0 0 
56 primes tested
all matches:
[2, 7, ]/[2, 7, ]
[2, 7, ]/[7, 2, ]
[4, 9, ]/[4, 9, ]
[4, 9, ]/[9, 4, ]
[7, 12, ]/[7, 12, ]
[7, 12, ]/[12, 7, ]
[11, 12, ]/[11, 12, ]
[11, 12, ]/[12, 11, ]
[11, 16, ]/[11, 16, ]
[11, 16, ]/[16, 11, ]
processed matches:
[2, 7, ]/[2, 7, ]
[4, 9, ]/[4, 9, ]
[7, 12, ]/[7, 12, ]
[11, 12, ]/[11, 12, ]
[11, 16, ]/[11, 16, ]
tags:
0:
AROMATIC: 1
RING: 1
1:
AROMATIC: 2
RING: 1
2:
AROMATIC: 1
ORDINAL_CARBON: 1
RING: 1
3:
AROMATIC: 1
4:
AROMATIC: 2
ORDINAL_CARBON: 1
RING: 1
5:
AROMATIC: 1
RING: 1
6:
AROMATIC: 1
RING: 1
7:
AROMATIC: 1
ORDINAL_CARBON: 2
8:
AROMATIC: 1
9:
AROMATIC: 1
ORDINAL_CARBON: 1
10:
AROMATIC: 1
11:
AROMATIC: 1
ORDINAL_CARBON: 2
12:
AROMATIC: 1
ORDINAL_CARBON: 2
13:
14:
AROMATIC: 1
15:
16:
ORDINAL_CARBON: 1
17:
18:
19:
20:
21:
22:
23:
24:
25:
26:
27:
28:
29:
30:
31:
32:
33:
34:
35:
36:
37:
38:
39:
40:
41:
42:
43:
44:
45:
46:
M0 for 201-202.smol:
0 0 0 0 0 0 0 0 0 0 0 0 0 0 0 0 0 0 0 0 0 0 0 0 0 0 0 0 0 0 0 0 0 0 0 0 0 0 0 0 0 0 0 0 0 0 0 
0 0 0 0 0 0 0 0 0 0 0 0 0 0 0 0 0 0 0 0 0 0 0 0 0 0 0 0 0 0 0 0 0 0 0 0 0 0 0 0 0 0 0 0 0 0 0 
0 0 0 0 0 0 0 0 0 0 0 0 0 0 0 0 0 0 0 0 0 0 0 0 0 0 0 0 0 0 0 0 0 0 0 0 0 0 0 0 0 0 0 0 0 0 0 
0 primes tested
matches:

unique matches:

expanded matches:


M0 for 203.smol:
0 0 0 0 0 0 0 0 0 0 0 0 0 0 0 0 0 0 0 0 0 0 0 0 0 0 0 0 0 0 0 0 0 0 0 0 0 0 0 0 0 0 0 0 0 0 0 
0 0 0 0 0 0 0 0 0 0 0 0 0 0 0 0 0 0 0 0 0 0 0 0 0 0 0 0 0 0 0 0 0 0 0 0 0 0 0 0 0 0 0 0 0 0 0 
0 0 0 0 0 0 0 0 0 0 0 0 0 0 0 0 0 0 0 0 0 0 0 0 0 0 0 0 0 0 0 0 0 0 0 0 0 1 0 0 0 0 1 1 1 1 1 
0 0 0 0 0 0 0 0 0 0 0 0 0 0 0 0 0 0 0 0 0 0 0 0 0 0 0 0 0 0 0 0 0 0 0 0 0 0 0 0 0 0 0 0 0 0 0 
0 primes tested
matches:

unique matches:

expanded matches:


M0 for 204.smol:
0 0 1 0 0 0 0 1 0 0 0 1 1 0 0 0 1 0 0 1 0 0 0 1 0 0 0 1 0 0 0 0 0 0 0 0 0 1 0 0 0 0 1 1 1 1 1 
0 0 0 0 0 0 0 0 0 0 0 0 0 0 0 0 0 0 0 0 0 0 0 0 0 0 0 0 0 0 0 0 0 0 0 0 0 0 0 0 0 0 0 0 0 0 0 
0 0 0 0 0 0 0 0 0 0 0 0 0 0 0 0 0 0 0 0 0 0 0 0 0 0 0 0 0 0 0 0 0 0 0 0 0 0 0 0 0 0 0 0 0 0 0 
0 0 0 0 0 0 0 0 0 0 0 0 0 0 0 0 0 0 0 0 0 0 0 0 0 0 0 0 0 0 0 0 0 0 0 0 0 0 0 0 0 0 0 0 0 0 0 
0 0 0 0 0 0 0 0 0 0 0 0 0 0 0 0 0 0 0 0 0 0 0 0 0 0 0 0 0 0 0 0 0 0 0 0 0 1 0 0 0 0 1 1 1 1 1 
0 0 0 0 0 0 0 0 0 0 0 0 0 0 0 0 0 0 0 0 0 0 0 0 0 0 0 0 0 0 0 0 0 0 0 0 0 0 0 0 0 0 0 0 0 0 0 
0 0 0 0 0 0 0 0 0 0 0 0 0 0 0 0 0 0 0 0 0 0 0 0 0 0 0 0 0 0 0 0 0 0 0 0 0 1 0 0 0 0 1 1 1 1 1 
0 0 0 0 0 0 0 0 0 0 0 0 0 0 0 0 0 0 0 0 0 0 0 0 0 0 0 0 0 0 0 0 0 0 0 0 0 0 0 0 0 0 0 0 0 0 0 
0 primes tested
matches:

unique matches:

expanded matches:


M0 for 205-206.smol:
0 0 0 0 0 0 0 0 0 0 0 0 0 0 0 0 0 0 0 0 0 0 0 0 0 0 0 0 0 0 0 0 0 0 0 0 0 0 0 0 0 0 0 0 0 0 0 
0 0 0 0 0 0 0 0 0 0 0 0 0 0 0 0 0 0 0 0 0 0 0 0 0 0 0 0 0 0 0 0 0 0 0 0 0 0 0 0 0 0 0 0 0 0 0 
0 0 0 0 0 0 0 0 0 0 0 0 0 0 0 0 0 0 0 0 0 0 0 0 0 0 0 0 0 0 0 0 0 0 0 0 0 0 0 0 0 0 0 0 0 0 0 
0 primes tested
matches:

unique matches:

expanded matches:


M0 for 207.smol:
0 0 0 0 0 0 0 0 0 0 0 0 0 0 0 0 0 0 0 0 0 0 0 0 0 0 0 0 0 0 0 0 0 0 0 0 0 0 0 0 0 0 0 0 0 0 0 
0 0 0 0 0 0 0 0 0 0 0 0 0 0 0 0 0 0 0 0 0 0 0 0 0 0 0 0 0 0 0 0 0 0 0 0 0 0 0 0 0 0 0 0 0 0 0 
0 0 0 0 0 0 0 0 0 0 0 0 0 0 0 0 0 0 0 0 0 0 0 0 0 0 0 0 0 0 0 0 0 0 0 0 0 0 0 0 0 0 0 0 0 0 0 
0 0 0 0 0 0 0 0 0 0 0 0 0 0 0 0 0 0 0 0 0 0 0 0 0 0 0 0 0 0 0 0 0 0 0 0 0 0 0 0 0 0 0 0 0 0 0 
0 primes tested
matches:

unique matches:

expanded matches:


M0 for 208.smol:
0 0 0 0 0 0 0 0 0 0 0 0 0 0 0 0 0 0 0 0 0 0 0 0 0 0 0 0 0 0 0 0 0 0 0 0 0 0 0 0 0 0 0 0 0 0 0 
0 0 0 0 0 0 0 0 0 0 0 0 0 0 0 0 0 0 0 0 0 0 0 0 0 0 0 0 0 0 0 0 0 0 0 0 0 0 0 0 0 0 0 0 0 0 0 
0 0 0 0 0 0 0 0 0 0 0 0 0 0 0 0 0 0 0 0 0 0 0 0 0 0 0 0 0 0 0 0 0 0 0 0 0 0 0 0 0 0 0 0 0 0 0 
0 0 0 0 0 0 0 0 0 0 0 0 0 0 0 0 0 0 0 0 0 0 0 0 0 0 0 0 0 0 0 0 0 0 0 0 0 0 0 0 0 0 0 0 0 0 0 
0 primes tested
matches:

unique matches:

expanded matches:


M0 for 301.smol:
0 0 0 0 0 0 0 0 0 0 0 0 0 0 0 0 0 0 0 0 0 1 0 0 0 1 0 0 1 1 0 0 0 0 0 0 0 0 0 0 0 0 0 0 0 0 0 
0 0 0 0 0 0 0 0 0 0 0 0 0 0 0 0 0 0 0 0 0 1 0 0 0 1 0 0 1 1 0 0 0 0 0 0 0 0 0 0 0 0 0 0 0 0 0 
0 0 0 0 0 0 0 0 0 0 0 0 0 0 0 0 0 0 1 0 1 1 1 0 1 1 1 0 1 1 1 0 0 0 0 0 0 0 0 0 0 0 0 0 0 0 0 
0 0 0 0 0 0 0 0 0 0 0 0 0 0 0 0 0 0 0 1 0 0 0 1 0 0 0 1 0 0 0 0 0 0 0 0 0 0 0 0 0 0 0 0 0 0 0 
0 0 0 0 0 0 0 0 0 0 0 0 0 0 0 0 0 0 1 0 1 1 0 0 1 1 0 0 1 1 0 0 0 0 0 0 0 0 0 0 0 0 0 0 0 0 0 
0 0 0 0 0 0 0 0 0 0 0 0 0 0 0 0 0 0 0 0 0 0 0 0 0 0 0 0 0 0 0 0 0 0 0 0 0 1 0 0 0 0 1 1 1 1 1 
0 0 0 0 0 0 0 0 0 0 0 0 0 0 0 0 0 0 0 0 0 0 0 0 0 0 0 0 0 0 0 0 0 0 0 0 0 1 0 0 0 0 1 1 1 1 1 
0 0 1 0 0 0 0 1 0 0 0 1 1 0 0 0 1 0 0 1 0 0 0 1 0 0 0 1 0 0 0 0 0 0 0 0 0 1 0 0 0 0 1 1 1 1 1 
415800 primes tested
matches:
[24, 27, 28, 29, 30, 45, 46, ]/[28, 29, 30, 27, 24, 45, 46, 23, ]
[24, 27, 28, 29, 30, 45, 46, ]/[29, 28, 30, 27, 24, 46, 45, 23, ]

unique matches:
[24, 27, 28, 29, 30, 45, 46, ]/[28, 29, 30, 27, 24, 45, 46, 23, ]

expanding [24, 27, 28, 29, 30, 45, 46, ]/[28, 29, 30, 27, 24, 45, 46, 23, ]
expanded matches:
3 (E=-254): [24, 27, 28, 29, 30, 45, 46, ]/[28, 29, 30, 27, 24, 45, 46, 23, ]


M0 for 302.smol:
0 0 1 0 0 0 0 1 0 0 0 1 1 0 0 0 1 0 0 1 0 0 0 1 0 0 0 1 0 0 0 0 0 0 0 0 0 1 0 0 0 0 1 1 1 1 1 
0 0 0 0 0 0 0 0 0 0 0 0 0 0 0 0 0 0 1 0 1 1 0 0 1 1 0 0 1 1 0 0 0 0 0 0 0 0 0 0 0 0 0 0 0 0 0 
0 0 0 0 0 0 0 0 0 0 0 0 0 0 0 0 0 0 0 1 0 0 0 1 0 0 0 1 0 0 0 0 0 0 0 0 0 0 0 0 0 0 0 0 0 0 0 
0 0 0 0 0 0 0 0 0 0 0 0 0 0 0 0 0 0 1 0 1 1 1 0 1 1 1 0 1 1 1 0 0 0 0 0 0 0 0 0 0 0 0 0 0 0 0 
0 0 0 0 0 0 0 0 0 0 0 0 0 0 0 0 0 0 1 0 1 1 1 0 1 1 1 0 1 1 1 0 0 0 0 0 0 0 0 0 0 0 0 0 0 0 0 
19656 primes tested
matches:

unique matches:

expanded matches:


M0 for 303-304.smol:
0 0 1 0 0 0 0 1 0 0 0 1 1 0 0 0 1 0 0 1 0 0 0 1 0 0 0 1 0 0 0 0 0 0 0 0 0 1 0 0 0 0 1 1 1 1 1 
0 0 0 0 0 0 0 0 0 0 0 0 0 0 0 0 0 0 1 0 1 1 0 0 1 1 0 0 1 1 0 0 0 0 0 0 0 0 0 0 0 0 0 0 0 0 0 
0 0 0 0 0 0 0 0 0 0 0 0 0 0 0 0 0 0 0 1 0 0 0 1 0 0 0 1 0 0 0 0 0 0 0 0 0 0 0 0 0 0 0 0 0 0 0 
0 0 0 0 0 0 0 0 0 0 0 0 0 0 0 0 0 0 1 0 1 1 1 0 1 1 1 0 1 1 1 0 0 0 0 0 0 0 0 0 0 0 0 0 0 0 0 
0 0 0 0 0 0 0 0 0 0 0 0 0 0 0 0 0 0 1 0 1 1 1 0 1 1 1 0 1 1 1 0 0 0 0 0 0 0 0 0 0 0 0 0 0 0 0 
0 0 0 0 0 0 0 0 0 0 0 0 0 0 0 0 0 0 0 0 0 1 0 0 0 1 0 0 1 1 0 0 0 0 0 0 0 0 0 0 0 0 0 0 0 0 0 
0 0 0 0 0 0 0 0 0 0 0 0 0 0 0 0 0 0 0 0 0 0 0 0 0 0 0 0 0 0 0 0 0 0 0 0 0 1 0 0 0 0 1 1 1 1 1 
290304 primes tested
matches:
[18, 19, 21, 22, 43, ]/[16, 18, 19, 20, 22, 21, 43, ]
[20, 23, 25, 26, 44, ]/[19, 20, 23, 24, 26, 25, 44, ]
[19, 20, 21, 22, 43, ]/[23, 20, 19, 18, 22, 21, 43, ]
[24, 27, 29, 30, 46, ]/[23, 24, 27, 28, 30, 29, 46, ]
[24, 27, 28, 30, 45, ]/[23, 24, 27, 29, 30, 28, 45, ]
[23, 24, 25, 26, 44, ]/[27, 24, 23, 20, 26, 25, 44, ]
[27, 28, 29, 30, 46, ]/[45, 28, 27, 24, 30, 29, 46, ]
[27, 28, 29, 30, 45, ]/[46, 29, 27, 24, 30, 28, 45, ]

unique matches:
[18, 19, 21, 22, 43, ]/[16, 18, 19, 20, 22, 21, 43, ]
[19, 20, 21, 22, 43, ]/[23, 20, 19, 18, 22, 21, 43, ]
[20, 23, 25, 26, 44, ]/[19, 20, 23, 24, 26, 25, 44, ]
[23, 24, 25, 26, 44, ]/[27, 24, 23, 20, 26, 25, 44, ]
[24, 27, 28, 30, 45, ]/[23, 24, 27, 29, 30, 28, 45, ]
[24, 27, 29, 30, 46, ]/[23, 24, 27, 28, 30, 29, 46, ]
[27, 28, 29, 30, 45, ]/[46, 29, 27, 24, 30, 28, 45, ]
[27, 28, 29, 30, 46, ]/[45, 28, 27, 24, 30, 29, 46, ]

expanding [18, 19, 21, 22, 43, ]/[16, 18, 19, 20, 22, 21, 43, ]
trying RING:1 (RING)
config (0x1048c0): [-1, 1, 1, -1, 0, 0, 0, ] with E=-190; []
graph index 16 -> 0
graph index 18 -> 0
not valid

expanding [19, 20, 21, 22, 43, ]/[23, 20, 19, 18, 22, 21, 43, ]
trying RING:1 (RING)
config (0x1048c0): [-1, 1, 1, -1, 0, 0, 0, ] with E=-190; []
graph index 23 -> 0
graph index 20 -> 0
not valid

expanding [20, 23, 25, 26, 44, ]/[19, 20, 23, 24, 26, 25, 44, ]
trying RING:1 (RING)
config (0x1048c0): [-1, 1, 1, -1, 0, 0, 0, ] with E=-190; []
graph index 19 -> 0
graph index 20 -> 0
not valid

expanding [23, 24, 25, 26, 44, ]/[27, 24, 23, 20, 26, 25, 44, ]
trying RING:1 (RING)
config (0x1048c0): [-1, 1, 1, -1, 0, 0, 0, ] with E=-190; []
graph index 27 -> 0
graph index 24 -> 0
not valid

expanding [24, 27, 28, 30, 45, ]/[23, 24, 27, 29, 30, 28, 45, ]
trying RING:1 (RING)
config (0x1048c0): [-1, 1, 1, -1, 0, 0, 0, ] with E=-190; []
graph index 23 -> 0
graph index 24 -> 0
not valid

expanding [24, 27, 29, 30, 46, ]/[23, 24, 27, 28, 30, 29, 46, ]
trying RING:1 (RING)
config (0x1048c0): [-1, 1, 1, -1, 0, 0, 0, ] with E=-190; []
graph index 23 -> 0
graph index 24 -> 0
not valid

expanding [27, 28, 29, 30, 45, ]/[46, 29, 27, 24, 30, 28, 45, ]
trying RING:1 (RING)
config (0x1048c0): [-1, 1, 1, -1, 0, 0, 0, ] with E=-190; []
graph index 46 -> 0
graph index 29 -> 0
not valid

expanding [27, 28, 29, 30, 46, ]/[45, 28, 27, 24, 30, 29, 46, ]
trying RING:1 (RING)
config (0x1048c0): [-1, 1, 1, -1, 0, 0, 0, ] with E=-190; []
graph index 45 -> 0
graph index 28 -> 0
not valid

expanded matches:
6 (E=-208): [18, 19, 21, 22, 43, ]/[16, 18, 19, 20, 22, 21, 43, ]
6 (E=-208): [19, 20, 21, 22, 43, ]/[23, 20, 19, 18, 22, 21, 43, ]
6 (E=-208): [20, 23, 25, 26, 44, ]/[19, 20, 23, 24, 26, 25, 44, ]
6 (E=-208): [23, 24, 25, 26, 44, ]/[27, 24, 23, 20, 26, 25, 44, ]
6 (E=-208): [24, 27, 28, 30, 45, ]/[23, 24, 27, 29, 30, 28, 45, ]
6 (E=-208): [24, 27, 29, 30, 46, ]/[23, 24, 27, 28, 30, 29, 46, ]
6 (E=-208): [27, 28, 29, 30, 45, ]/[46, 29, 27, 24, 30, 28, 45, ]
6 (E=-208): [27, 28, 29, 30, 46, ]/[45, 28, 27, 24, 30, 29, 46, ]


M0 for 305.smol:
0 0 0 0 0 0 0 0 0 0 0 0 0 0 0 0 0 0 0 1 0 0 0 1 0 0 0 1 0 0 0 0 0 0 0 0 0 0 0 0 0 0 0 0 0 0 0 
0 0 0 0 0 0 0 0 0 0 0 0 0 0 0 0 0 0 0 0 0 1 0 0 0 1 0 0 1 1 0 0 0 0 0 0 0 0 0 0 0 0 0 0 0 0 0 
0 0 0 0 0 0 0 0 0 0 0 0 0 0 0 0 0 0 1 0 1 1 1 0 1 1 1 0 1 1 1 0 0 0 0 0 0 0 0 0 0 0 0 0 0 0 0 
0 0 0 0 0 0 0 0 0 0 0 0 0 0 0 0 0 0 1 0 1 1 0 0 1 1 0 0 1 1 0 0 0 0 0 0 0 0 0 0 0 0 0 0 0 0 0 
0 0 0 0 0 0 0 0 0 0 0 0 0 0 0 0 0 0 0 0 0 0 0 0 0 0 0 0 0 0 0 0 0 0 0 0 0 1 0 0 0 0 1 1 1 1 1 
0 0 0 0 0 0 0 0 0 0 0 0 0 0 0 0 0 0 1 0 1 1 0 0 1 1 0 0 1 1 0 0 0 0 0 0 0 0 0 0 0 0 0 0 0 0 0 
0 0 1 0 0 0 0 1 0 0 0 1 1 0 0 0 1 0 0 1 0 0 0 1 0 0 0 1 0 0 0 0 0 0 0 0 0 1 0 0 0 0 1 1 1 1 1 
0 0 1 0 0 0 0 1 0 0 0 1 1 0 0 0 1 0 0 1 0 0 0 1 0 0 0 1 0 0 0 0 0 0 0 0 0 1 0 0 0 0 1 1 1 1 1 
1995840 primes tested
matches:
[18, 19, 20, 21, 22, 43, ]/[19, 21, 22, 18, 43, 20, 16, 23, ]
[18, 19, 20, 21, 22, 43, ]/[19, 21, 22, 20, 43, 18, 23, 16, ]
[20, 23, 24, 25, 26, 44, ]/[23, 25, 26, 20, 44, 24, 19, 27, ]
[20, 23, 24, 25, 26, 44, ]/[23, 25, 26, 24, 44, 20, 27, 19, ]
[24, 27, 28, 29, 30, 45, ]/[27, 28, 30, 24, 45, 29, 23, 46, ]
[24, 27, 28, 29, 30, 45, ]/[27, 28, 30, 29, 45, 24, 46, 23, ]
[24, 27, 28, 29, 30, 46, ]/[27, 29, 30, 24, 46, 28, 23, 45, ]
[24, 27, 28, 29, 30, 46, ]/[27, 29, 30, 28, 46, 24, 45, 23, ]

unique matches:
[18, 19, 20, 21, 22, 43, ]/[19, 21, 22, 18, 43, 20, 16, 23, ]
[20, 23, 24, 25, 26, 44, ]/[23, 25, 26, 20, 44, 24, 19, 27, ]
[24, 27, 28, 29, 30, 45, ]/[27, 28, 30, 24, 45, 29, 23, 46, ]
[24, 27, 28, 29, 30, 46, ]/[27, 29, 30, 24, 46, 28, 23, 45, ]

expanding [18, 19, 20, 21, 22, 43, ]/[19, 21, 22, 18, 43, 20, 16, 23, ]
expanding [20, 23, 24, 25, 26, 44, ]/[23, 25, 26, 20, 44, 24, 19, 27, ]
expanding [24, 27, 28, 29, 30, 45, ]/[27, 28, 30, 24, 45, 29, 23, 46, ]
expanding [24, 27, 28, 29, 30, 46, ]/[27, 29, 30, 24, 46, 28, 23, 45, ]
expanded matches:
7 (E=-234): [18, 19, 20, 21, 22, 43, ]/[19, 21, 22, 18, 43, 20, 16, 23, ]
7 (E=-234): [20, 23, 24, 25, 26, 44, ]/[23, 25, 26, 20, 44, 24, 19, 27, ]
7 (E=-234): [24, 27, 28, 29, 30, 45, ]/[27, 28, 30, 24, 45, 29, 23, 46, ]
7 (E=-234): [24, 27, 28, 29, 30, 46, ]/[27, 29, 30, 24, 46, 28, 23, 45, ]


M0 for 306.smol:
1 1 1 0 1 1 1 1 1 1 0 1 1 1 1 1 1 1 1 0 0 0 0 0 0 0 0 0 0 0 0 1 1 1 1 1 1 0 0 0 1 1 0 0 0 0 0 
0 0 0 0 0 0 0 0 0 0 0 0 0 0 0 0 0 0 0 0 0 0 0 0 0 0 0 0 0 0 0 0 0 0 0 0 0 0 0 0 0 0 0 0 0 0 0 
0 0 0 0 0 0 0 0 0 0 0 0 0 0 0 0 0 0 1 0 0 0 0 0 0 0 0 0 0 0 0 0 0 0 0 0 0 0 0 0 0 0 0 0 0 0 0 
0 0 0 0 0 0 0 0 0 0 0 0 0 0 0 0 0 0 0 1 0 0 0 1 0 0 0 1 0 0 0 0 0 0 0 0 0 0 0 0 0 0 0 0 0 0 0 
0 0 0 0 0 0 0 0 0 0 0 0 0 0 0 0 0 0 1 0 1 1 0 0 1 1 0 0 1 1 0 0 0 0 0 0 0 0 0 0 0 0 0 0 0 0 0 
0 0 1 0 0 0 0 1 0 0 0 1 1 0 0 0 1 0 0 1 0 0 0 1 0 0 0 1 0 0 0 0 0 0 0 0 0 1 0 0 0 0 1 1 1 1 1 
0 0 0 0 0 0 1 0 0 0 0 0 0 1 0 0 0 1 1 0 0 0 0 0 0 0 0 0 0 0 0 0 0 0 0 0 0 0 0 0 0 0 0 0 0 0 0 
0 0 0 0 0 0 0 0 0 0 0 0 0 0 0 0 0 0 1 0 1 1 1 0 1 1 1 0 1 1 1 0 0 0 0 0 0 0 0 0 0 0 0 0 0 0 0 
0 0 0 0 0 0 0 0 0 0 0 0 0 0 0 0 0 0 0 0 0 1 0 0 0 1 0 0 1 1 0 0 0 0 0 0 0 0 0 0 0 0 0 0 0 0 0 
0 0 0 0 0 0 0 0 0 0 0 0 0 0 0 0 0 0 0 0 0 0 0 0 0 0 0 0 0 0 0 0 0 0 0 0 0 1 0 0 0 0 1 1 1 1 1 
0 primes tested
matches:

unique matches:

expanded matches:


M0 for 401.smol:
0 0 0 0 0 0 0 0 0 0 0 0 0 0 0 0 0 0 0 0 0 0 0 0 0 0 0 0 0 0 0 0 0 0 0 0 0 0 0 0 0 0 0 0 0 0 0 
0 0 0 0 0 0 0 0 0 0 0 0 0 0 0 0 0 0 0 0 0 0 0 0 0 0 0 0 0 0 0 0 0 0 0 0 0 0 1 1 0 0 0 0 0 0 0 
0 0 0 0 0 0 0 0 0 0 0 0 0 0 0 0 0 0 0 0 0 0 0 0 0 0 0 0 0 0 0 0 0 0 0 0 0 0 1 1 0 0 0 0 0 0 0 
0 0 0 0 0 0 0 0 0 0 0 0 0 0 0 0 0 0 0 0 0 0 0 0 0 0 0 0 0 0 0 0 0 0 0 0 0 0 1 1 0 0 0 0 0 0 0 
0 1 1 1 1 0 0 0 0 1 1 0 0 0 0 0 0 0 0 0 0 0 0 0 0 0 0 0 0 0 0 0 0 0 0 0 0 0 1 1 0 0 0 0 0 0 0 
0 primes tested
matches:

unique matches:

expanded matches:


M0 for 402.smol:
0 0 0 0 0 0 0 0 0 0 0 0 0 0 0 1 0 0 0 0 0 0 0 0 0 0 0 0 0 0 0 0 0 0 0 0 0 0 0 0 0 0 0 0 0 0 0 
0 0 0 0 0 0 0 0 0 0 0 0 0 0 0 0 0 0 0 0 0 0 0 0 0 0 0 0 0 0 0 0 0 0 0 0 0 0 1 1 0 0 0 0 0 0 0 
0 0 0 0 0 0 0 0 0 0 0 0 0 0 0 0 0 0 0 0 0 0 0 0 0 0 0 0 0 0 0 0 0 0 0 0 0 0 1 1 0 0 0 0 0 0 0 
0 1 1 1 1 0 0 0 0 1 1 0 0 0 0 0 0 0 0 0 0 0 0 0 0 0 0 0 0 0 0 0 0 0 0 0 0 0 1 1 0 0 0 0 0 0 0 
12 primes tested
matches:
[15, 38, 39, ]/[15, 38, 39, 9, ]
[15, 38, 39, ]/[15, 39, 38, 9, ]

unique matches:
[15, 38, 39, ]/[15, 38, 39, 9, ]

expanding [15, 38, 39, ]/[15, 38, 39, 9, ]
expanded matches:
13 (E=2.04): [15, 38, 39, ]/[15, 38, 39, 9, ]


M0 for 403.smol:
0 0 0 0 0 0 0 0 0 0 0 0 0 0 0 0 0 0 0 0 0 0 0 0 0 0 0 0 0 0 0 0 0 0 0 0 0 0 0 0 0 0 0 0 0 0 0 
0 0 0 0 0 0 0 0 0 0 0 0 0 0 0 0 0 0 0 0 0 0 0 0 0 0 0 0 0 0 0 0 0 0 0 0 0 0 1 1 0 0 0 0 0 0 0 
0 0 0 0 0 0 0 0 0 0 0 0 0 0 0 0 0 0 0 0 0 0 0 0 0 0 0 0 0 0 0 0 0 0 0 0 0 0 1 1 0 0 0 0 0 0 0 
0 1 1 1 1 0 0 0 0 1 1 0 0 0 0 0 0 0 0 0 0 0 0 0 0 0 0 0 0 0 0 0 0 0 0 0 0 0 1 1 0 0 0 0 0 0 0 
0 1 1 1 1 0 0 0 0 1 1 0 0 0 0 0 0 0 0 0 0 0 0 0 0 0 0 0 0 0 0 0 0 0 0 0 0 0 1 1 0 0 0 0 0 0 0 
0 primes tested
matches:

unique matches:

expanded matches:


M0 for 404-405.409.smol:
1 0 0 0 0 0 0 0 0 0 0 0 0 0 0 1 0 0 0 0 0 0 0 0 0 0 0 0 0 0 0 0 0 0 0 0 0 0 0 0 0 0 0 0 0 0 0 
0 1 1 1 1 0 0 0 0 1 1 0 0 0 0 0 0 0 0 0 0 0 0 0 0 0 0 0 0 0 0 0 0 0 0 0 0 0 1 1 0 0 0 0 0 0 0 
0 1 1 1 1 0 0 0 0 1 1 0 0 0 0 0 0 0 0 0 0 0 0 0 0 0 0 0 0 0 0 0 0 0 0 0 0 0 1 1 0 0 0 0 0 0 0 
0 1 1 1 1 0 0 0 0 1 1 0 0 0 0 0 0 0 0 0 0 0 0 0 0 0 0 0 0 0 0 0 0 0 0 0 0 0 1 1 0 0 0 0 0 0 0 
672 primes tested
matches:
[0, ]/[0, 1, 2, 3, ]
[0, ]/[0, 1, 3, 2, ]
[0, ]/[0, 2, 1, 3, ]
[0, ]/[0, 2, 3, 1, ]
[0, ]/[0, 3, 1, 2, ]
[0, ]/[0, 3, 2, 1, ]
[15, ]/[15, 9, 38, 39, ]
[15, ]/[15, 9, 39, 38, ]
[15, ]/[15, 38, 9, 39, ]
[15, ]/[15, 38, 39, 9, ]
[15, ]/[15, 39, 9, 38, ]
[15, ]/[15, 39, 38, 9, ]

unique matches:
[0, ]/[0, 1, 2, 3, ]
[15, ]/[15, 9, 38, 39, ]

expanding [0, ]/[0, 1, 2, 3, ]
trying RING:1 (RING)
config (0x104760): [2, -1, -1, -1, ] with E=12.4; []
graph index 0 -> 1
not valid

trying RING:2 (RING)
config (0x104e30): [1, -1, -1, -1, ] with E=22.1; []
graph index 0 -> 1
checking for [] in [AROMATIC, RING, ]
graph index 1 -> 1
graph index 2 -> 1
graph index 3 -> 0
valid configuration!

expanding [15, ]/[15, 9, 38, 39, ]
trying RING:1 (RING)
config (0x104760): [2, -1, -1, -1, ] with E=12.4; []
graph index 15 -> 0
not valid

trying RING:2 (RING)
config (0x104e30): [1, -1, -1, -1, ] with E=22.1; []
graph index 15 -> 0
not valid

expanded matches:
16 (E=24.4): [0, ]/[0, 1, 2, 3, ]
7 (E=22.1): [0, ]/[0, 1, 2, 3, ]
16 (E=24.4): [15, ]/[15, 9, 38, 39, ]


M0 for 406-407.smol:
0 0 0 0 0 0 0 0 0 0 0 0 0 0 0 1 0 0 0 0 0 0 0 0 0 0 0 0 0 0 0 0 0 0 0 0 0 0 0 0 0 0 0 0 0 0 0 
0 0 0 0 0 0 0 0 0 0 0 0 0 0 0 0 0 0 0 0 0 0 0 0 0 0 0 0 0 0 0 0 0 0 0 0 0 0 1 1 0 0 0 0 0 0 0 
0 1 1 1 1 0 0 0 0 1 1 0 0 0 0 0 0 0 0 0 0 0 0 0 0 0 0 0 0 0 0 0 0 0 0 0 0 0 1 1 0 0 0 0 0 0 0 
0 1 1 1 1 0 0 0 0 1 1 0 0 0 0 0 0 0 0 0 0 0 0 0 0 0 0 0 0 0 0 0 0 0 0 0 0 0 1 1 0 0 0 0 0 0 0 
84 primes tested
matches:
[15, 38, ]/[15, 38, 9, 39, ]
[15, 38, ]/[15, 38, 39, 9, ]
[15, 39, ]/[15, 39, 9, 38, ]
[15, 39, ]/[15, 39, 38, 9, ]

unique matches:
[15, 38, ]/[15, 38, 9, 39, ]
[15, 39, ]/[15, 39, 9, 38, ]

expanding [15, 38, ]/[15, 38, 9, 39, ]
trying RING:1 (RING)
config (0x104ef0): [-2, 0, -1, -1, ] with E=6.18; []
graph index 15 -> 0
not valid

expanding [15, 39, ]/[15, 39, 9, 38, ]
trying RING:1 (RING)
config (0x104ef0): [-2, 0, -1, -1, ] with E=6.18; []
graph index 15 -> 0
not valid

expanded matches:
5 (E=10.5): [15, 38, ]/[15, 38, 9, 39, ]
5 (E=10.5): [15, 39, ]/[15, 39, 9, 38, ]


M0 for 408.smol:
0 0 0 0 0 0 0 0 0 0 0 0 0 0 0 0 0 0 0 0 0 0 0 0 0 0 0 0 0 0 0 0 0 0 0 0 0 0 0 0 0 0 0 0 0 0 0 
0 0 0 0 0 0 0 0 0 0 0 0 0 0 0 0 0 0 0 0 0 0 0 0 0 0 0 0 0 0 0 0 0 0 0 0 0 0 1 1 0 0 0 0 0 0 0 
0 1 1 1 1 0 0 0 0 1 1 0 0 0 0 0 0 0 0 0 0 0 0 0 0 0 0 0 0 0 0 0 0 0 0 0 0 0 1 1 0 0 0 0 0 0 0 
0 1 1 1 1 0 0 0 0 1 1 0 0 0 0 0 0 0 0 0 0 0 0 0 0 0 0 0 0 0 0 0 0 0 0 0 0 0 1 1 0 0 0 0 0 0 0 
0 1 1 1 1 0 0 0 0 1 1 0 0 0 0 0 0 0 0 0 0 0 0 0 0 0 0 0 0 0 0 0 0 0 0 0 0 0 1 1 0 0 0 0 0 0 0 
0 primes tested
matches:

unique matches:

expanded matches:


M0 for 410.smol:
0 0 0 0 0 0 0 0 0 0 0 0 0 0 0 0 0 0 0 0 0 0 0 0 0 0 0 0 0 0 0 0 0 0 0 0 0 0 0 0 0 0 0 0 0 0 0 
0 1 1 1 1 0 0 0 0 1 1 0 0 0 0 0 0 0 0 0 0 0 0 0 0 0 0 0 0 0 0 0 0 0 0 0 0 0 1 1 0 0 0 0 0 0 0 
0 1 1 1 1 0 0 0 0 1 1 0 0 0 0 0 0 0 0 0 0 0 0 0 0 0 0 0 0 0 0 0 0 0 0 0 0 0 1 1 0 0 0 0 0 0 0 
0 1 1 1 1 0 0 0 0 1 1 0 0 0 0 0 0 0 0 0 0 0 0 0 0 0 0 0 0 0 0 0 0 0 0 0 0 0 1 1 0 0 0 0 0 0 0 
0 1 1 1 1 0 0 0 0 1 1 0 0 0 0 0 0 0 0 0 0 0 0 0 0 0 0 0 0 0 0 0 0 0 0 0 0 0 1 1 0 0 0 0 0 0 0 
0 primes tested
matches:

unique matches:

expanded matches:


M0 for 411.smol:
0 1 1 1 1 0 0 0 0 1 1 0 0 0 0 0 0 0 0 0 0 0 0 0 0 0 0 0 0 0 0 0 0 0 0 0 0 0 1 1 0 0 0 0 0 0 0 
0 0 0 0 0 0 0 0 0 0 0 0 0 0 0 1 0 0 0 0 0 0 0 0 0 0 0 0 0 0 0 0 0 0 0 0 0 0 0 0 0 0 0 0 0 0 0 
0 0 0 0 0 0 0 0 0 0 0 0 0 0 0 0 0 0 0 0 0 0 0 0 0 0 0 0 0 0 0 0 0 0 0 0 0 0 1 1 0 0 0 0 0 0 0 
14 primes tested
matches:

unique matches:

expanded matches:


M0 for 412.smol:
0 1 1 1 1 0 0 0 0 1 1 0 0 0 0 0 0 0 0 0 0 0 0 0 0 0 0 0 0 0 0 0 0 0 0 0 0 0 1 1 0 0 0 0 0 0 0 
0 0 0 0 0 0 0 0 0 0 0 0 0 0 0 1 0 0 0 0 0 0 0 0 0 0 0 0 0 0 0 0 0 0 0 0 0 0 0 0 0 0 0 0 0 0 0 
0 0 0 0 0 0 0 0 0 0 0 0 0 0 0 0 0 0 0 0 0 0 0 0 0 0 0 0 0 0 0 0 0 0 0 0 0 0 1 1 0 0 0 0 0 0 0 
0 0 0 0 0 0 0 0 0 0 0 0 0 0 0 0 0 0 0 0 0 0 0 0 0 0 0 0 0 0 0 0 0 0 0 0 0 0 1 1 0 0 0 0 0 0 0 
12 primes tested
matches:

unique matches:

expanded matches:


M0 for 413.smol:
0 0 0 0 0 0 0 0 0 0 0 0 0 0 0 1 0 0 0 0 0 0 0 0 0 0 0 0 0 0 0 0 0 0 0 0 0 0 0 0 0 0 0 0 0 0 0 
0 0 0 0 0 0 0 0 0 0 0 0 0 0 0 0 0 0 0 0 0 0 0 0 0 0 0 0 0 0 0 0 0 0 0 0 0 0 1 1 0 0 0 0 0 0 0 
0 1 1 1 1 0 0 0 0 1 1 0 0 0 0 0 0 0 0 0 0 0 0 0 0 0 0 0 0 0 0 0 0 0 0 0 0 0 1 1 0 0 0 0 0 0 0 
0 1 1 1 1 0 0 0 0 1 1 0 0 0 0 0 0 0 0 0 0 0 0 0 0 0 0 0 0 0 0 0 0 0 0 0 0 0 1 1 0 0 0 0 0 0 0 
84 primes tested
matches:

unique matches:

expanded matches:


M0 for 414-415.smol:
1 0 0 0 0 1 0 0 1 0 0 0 0 0 1 1 0 0 0 0 0 0 0 0 0 0 0 0 0 0 0 0 0 0 0 0 0 0 0 0 0 0 0 0 0 0 0 
0 1 1 1 1 0 0 0 0 1 1 0 0 0 0 0 0 0 0 0 0 0 0 0 0 0 0 0 0 0 0 0 0 0 0 0 0 0 1 1 0 0 0 0 0 0 0 
0 1 1 1 1 0 0 0 0 1 1 0 0 0 0 0 0 0 0 0 0 0 0 0 0 0 0 0 0 0 0 0 0 0 0 0 0 0 1 1 0 0 0 0 0 0 0 
280 primes tested
matches:
[5, ]/[5, 1, 10, ]
[8, ]/[8, 4, 3, ]
[14, ]/[14, 10, 9, ]

unique matches:
[5, ]/[5, 1, 10, ]
[8, ]/[8, 4, 3, ]
[14, ]/[14, 10, 9, ]

expanding [5, ]/[5, 1, 10, ]
trying RING:1 (RING)
config (0x1055c0): [1, -1, -1, ] with E=4.17; []
graph index 5 -> 1
checking for [] in [AROMATIC, RING, ]
graph index 1 -> 1
graph index 10 -> 0
valid configuration!

expanding [8, ]/[8, 4, 3, ]
trying RING:1 (RING)
config (0x1055c0): [1, -1, -1, ] with E=4.17; []
graph index 8 -> 0
not valid

expanding [14, ]/[14, 10, 9, ]
trying RING:1 (RING)
config (0x1055c0): [1, -1, -1, ] with E=4.17; []
graph index 14 -> 0
not valid

expanded matches:
17 (E=16.1): [5, ]/[5, 1, 10, ]
9 (E=4.17): [5, ]/[5, 1, 10, ]
17 (E=16.1): [8, ]/[8, 4, 3, ]
17 (E=16.1): [14, ]/[14, 10, 9, ]


M0 for 416-417.smol:
1 0 0 0 0 0 0 0 0 0 0 0 0 0 0 1 0 0 0 0 0 0 0 0 0 0 0 0 0 0 0 0 0 0 0 0 0 0 0 0 0 0 0 0 0 0 0 
0 1 1 1 1 0 0 0 0 1 1 0 0 0 0 0 0 0 0 0 0 0 0 0 0 0 0 0 0 0 0 0 0 0 0 0 0 0 1 1 0 0 0 0 0 0 0 
0 1 1 1 1 0 0 0 0 1 1 0 0 0 0 0 0 0 0 0 0 0 0 0 0 0 0 0 0 0 0 0 0 0 0 0 0 0 1 1 0 0 0 0 0 0 0 
0 1 1 1 1 0 0 0 0 1 1 0 0 0 0 0 0 0 0 0 0 0 0 0 0 0 0 0 0 0 0 0 0 0 0 0 0 0 1 1 0 0 0 0 0 0 0 
672 primes tested
matches:

unique matches:

expanded matches:


M0 for 418.smol:
1 0 0 0 0 1 0 0 1 0 0 0 0 0 1 1 0 0 0 0 0 0 0 0 0 0 0 0 0 0 0 0 0 0 0 0 0 0 0 0 0 0 0 0 0 0 0 
0 1 1 1 1 0 0 0 0 1 1 0 0 0 0 0 0 0 0 0 0 0 0 0 0 0 0 0 0 0 0 0 0 0 0 0 0 0 1 1 0 0 0 0 0 0 0 
40 primes tested
matches:

unique matches:

expanded matches:


M0 for 502.smol:
0 0 0 0 0 0 0 0 0 0 0 0 0 1 0 0 0 1 0 0 0 1 0 0 0 1 0 0 1 1 0 0 0 0 0 0 0 0 0 0 0 0 0 0 0 0 0 
0 0 0 0 0 0 0 0 0 0 0 0 0 0 0 0 0 0 0 0 0 0 0 0 0 0 0 0 0 0 0 0 0 0 0 0 0 1 0 0 0 0 1 1 1 1 1 
0 0 1 0 0 0 0 1 0 0 0 1 1 0 0 0 1 0 0 1 0 0 0 1 0 0 0 1 0 0 0 0 0 0 0 0 0 1 0 0 0 0 1 1 1 1 1 
468 primes tested
matches:
[13, 37, ]/[13, 37, 7, ]
[17, 42, ]/[17, 42, 12, ]
[21, 43, ]/[21, 43, 19, ]
[25, 44, ]/[25, 44, 23, ]
[28, 45, ]/[28, 45, 27, ]
[29, 46, ]/[29, 46, 27, ]

unique matches:
[13, 37, ]/[13, 37, 7, ]
[17, 42, ]/[17, 42, 12, ]
[21, 43, ]/[21, 43, 19, ]
[25, 44, ]/[25, 44, 23, ]
[28, 45, ]/[28, 45, 27, ]
[29, 46, ]/[29, 46, 27, ]

expanding [13, 37, ]/[13, 37, 7, ]
expanding [17, 42, ]/[17, 42, 12, ]
expanding [21, 43, ]/[21, 43, 19, ]
expanding [25, 44, ]/[25, 44, 23, ]
expanding [28, 45, ]/[28, 45, 27, ]
expanding [29, 46, ]/[29, 46, 27, ]
expanded matches:
8 (E=-41.5): [13, 37, ]/[13, 37, 7, ]
8 (E=-41.5): [17, 42, ]/[17, 42, 12, ]
8 (E=-41.5): [21, 43, ]/[21, 43, 19, ]
8 (E=-41.5): [25, 44, ]/[25, 44, 23, ]
8 (E=-41.5): [28, 45, ]/[28, 45, 27, ]
8 (E=-41.5): [29, 46, ]/[29, 46, 27, ]


M0 for 503-504.smol:
0 0 0 0 0 0 1 0 0 0 0 0 0 1 0 0 0 1 1 0 1 1 0 0 1 1 0 0 1 1 0 0 0 0 0 0 0 0 0 0 0 0 0 0 0 0 0 
0 0 1 0 0 0 0 1 0 0 0 1 1 0 0 0 1 0 0 1 0 0 0 1 0 0 0 1 0 0 0 0 0 0 0 0 0 1 0 0 0 0 1 1 1 1 1 
0 0 1 0 0 0 0 1 0 0 0 1 1 0 0 0 1 0 0 1 0 0 0 1 0 0 0 1 0 0 0 0 0 0 0 0 0 1 0 0 0 0 1 1 1 1 1 
1820 primes tested
matches:
[6, ]/[6, 2, 11, ]
[6, ]/[6, 11, 2, ]
[13, ]/[13, 7, 37, ]
[13, ]/[13, 37, 7, ]
[17, ]/[17, 12, 42, ]
[17, ]/[17, 42, 12, ]
[18, ]/[18, 16, 19, ]
[18, ]/[18, 19, 16, ]
[20, ]/[20, 19, 23, ]
[20, ]/[20, 23, 19, ]
[21, ]/[21, 19, 43, ]
[21, ]/[21, 43, 19, ]
[24, ]/[24, 23, 27, ]
[24, ]/[24, 27, 23, ]
[25, ]/[25, 23, 44, ]
[25, ]/[25, 44, 23, ]
[28, ]/[28, 27, 45, ]
[28, ]/[28, 45, 27, ]
[29, ]/[29, 27, 46, ]
[29, ]/[29, 46, 27, ]

unique matches:
[6, ]/[6, 2, 11, ]
[13, ]/[13, 7, 37, ]
[17, ]/[17, 12, 42, ]
[18, ]/[18, 16, 19, ]
[20, ]/[20, 19, 23, ]
[21, ]/[21, 43, 19, ]
[24, ]/[24, 23, 27, ]
[25, ]/[25, 23, 44, ]
[28, ]/[28, 27, 45, ]
[29, ]/[29, 27, 46, ]

expanding [6, ]/[6, 2, 11, ]
trying RING:1 (RING)
config (0x1050d0): [1, -1, -1, ] with E=-36.6; []
graph index 6 -> 1
checking for [] in [AROMATIC, RING, ]
graph index 2 -> 1
graph index 11 -> 0
valid configuration!

expanding [13, ]/[13, 7, 37, ]
trying RING:1 (RING)
config (0x1050d0): [1, -1, -1, ] with E=-36.6; []
graph index 13 -> 0
not valid

expanding [17, ]/[17, 12, 42, ]
trying RING:1 (RING)
config (0x1050d0): [1, -1, -1, ] with E=-36.6; []
graph index 17 -> 0
not valid

expanding [18, ]/[18, 16, 19, ]
trying RING:1 (RING)
config (0x1050d0): [1, -1, -1, ] with E=-36.6; []
graph index 18 -> 0
not valid

expanding [20, ]/[20, 19, 23, ]
trying RING:1 (RING)
config (0x1050d0): [1, -1, -1, ] with E=-36.6; []
graph index 20 -> 0
not valid

expanding [21, ]/[21, 43, 19, ]
trying RING:1 (RING)
config (0x1050d0): [1, -1, -1, ] with E=-36.6; []
graph index 21 -> 0
not valid

expanding [24, ]/[24, 23, 27, ]
trying RING:1 (RING)
config (0x1050d0): [1, -1, -1, ] with E=-36.6; []
graph index 24 -> 0
not valid

expanding [25, ]/[25, 23, 44, ]
trying RING:1 (RING)
config (0x1050d0): [1, -1, -1, ] with E=-36.6; []
graph index 25 -> 0
not valid

expanding [28, ]/[28, 27, 45, ]
trying RING:1 (RING)
config (0x1050d0): [1, -1, -1, ] with E=-36.6; []
graph index 28 -> 0
not valid

expanding [29, ]/[29, 27, 46, ]
trying RING:1 (RING)
config (0x1050d0): [1, -1, -1, ] with E=-36.6; []
graph index 29 -> 0
not valid

expanded matches:
10 (E=-23.2): [6, ]/[6, 2, 11, ]
7 (E=-36.6): [6, ]/[6, 2, 11, ]
10 (E=-23.2): [13, ]/[13, 7, 37, ]
10 (E=-23.2): [17, ]/[17, 12, 42, ]
10 (E=-23.2): [18, ]/[18, 16, 19, ]
10 (E=-23.2): [20, ]/[20, 19, 23, ]
10 (E=-23.2): [21, ]/[21, 43, 19, ]
10 (E=-23.2): [24, ]/[24, 23, 27, ]
10 (E=-23.2): [25, ]/[25, 23, 44, ]
10 (E=-23.2): [28, ]/[28, 27, 45, ]
10 (E=-23.2): [29, ]/[29, 27, 46, ]


M0 for 505-506.smol:
0 0 1 0 0 0 0 1 0 0 0 1 1 0 0 0 1 0 0 0 0 0 0 0 0 0 0 0 0 0 0 0 0 0 0 0 0 0 0 0 0 0 0 0 0 0 0 
0 0 0 0 0 0 1 0 0 0 0 0 0 1 0 0 0 1 1 0 0 0 0 0 0 0 0 0 0 0 0 0 0 0 0 0 0 0 0 0 0 0 0 0 0 0 0 
1 1 1 0 1 1 1 1 1 1 0 1 1 1 1 1 1 1 1 0 0 0 0 0 0 0 0 0 0 0 0 1 1 1 1 1 1 0 0 0 1 1 0 0 0 0 0 
1 1 1 0 1 1 1 1 1 1 0 1 1 1 1 1 1 1 1 0 0 0 0 0 0 0 0 0 0 0 0 1 1 1 1 1 1 0 0 0 1 1 0 0 0 0 0 
10120 primes tested
matches:

unique matches:

expanded matches:


M0 for 507.smol:
0 0 1 0 0 0 0 1 0 0 0 1 1 0 0 0 1 0 0 0 0 0 0 0 0 0 0 0 0 0 0 0 0 0 0 0 0 0 0 0 0 0 0 0 0 0 0 
0 0 0 0 0 0 1 0 0 0 0 0 0 1 0 0 0 1 1 0 0 0 0 0 0 0 0 0 0 0 0 0 0 0 0 0 0 0 0 0 0 0 0 0 0 0 0 
0 0 0 0 0 0 0 0 0 0 0 0 0 0 0 0 0 0 0 0 0 0 0 0 0 0 0 0 0 0 0 1 1 1 1 1 1 0 0 0 1 1 0 0 0 0 0 
1 1 1 0 1 1 1 1 1 1 0 1 1 1 1 1 1 1 1 0 0 0 0 0 0 0 0 0 0 0 0 1 1 1 1 1 1 0 0 0 1 1 0 0 0 0 0 
3520 primes tested
matches:

unique matches:

expanded matches:


M0 for 508.smol:
0 0 0 0 0 0 0 0 0 0 0 0 0 0 0 0 0 0 0 0 0 0 0 0 0 0 0 0 0 0 0 0 0 0 0 0 0 0 0 0 0 0 0 0 0 0 0 
0 0 0 0 0 0 0 0 0 0 0 0 0 1 0 0 0 1 0 0 0 0 0 0 0 0 0 0 0 0 0 0 0 0 0 0 0 0 0 0 0 0 0 0 0 0 0 
0 0 0 0 0 0 1 0 0 0 0 0 0 1 0 0 0 1 1 0 0 0 0 0 0 0 0 0 0 0 0 0 0 0 0 0 0 0 0 0 0 0 0 0 0 0 0 
0 0 0 0 0 0 0 0 0 0 0 0 0 0 0 0 0 0 0 0 0 0 0 0 0 0 0 0 0 0 0 0 0 0 0 0 0 1 0 0 0 0 1 1 1 1 1 
1 1 1 0 1 1 1 1 1 1 0 1 1 1 1 1 1 1 1 0 0 0 0 0 0 0 0 0 0 0 0 1 1 1 1 1 1 0 0 0 1 1 0 0 0 0 0 
0 primes tested
matches:

unique matches:

expanded matches:


M0 for 509-510.smol:
0 0 0 0 0 0 0 0 0 0 0 0 0 0 0 0 0 0 0 0 0 0 0 0 0 0 0 0 0 0 0 0 0 0 0 0 0 0 0 0 0 0 0 0 0 0 0 
0 0 0 0 0 0 1 0 0 0 0 0 0 1 0 0 0 1 1 0 0 0 0 0 0 0 0 0 0 0 0 0 0 0 0 0 0 0 0 0 0 0 0 0 0 0 0 
0 0 0 0 0 0 1 0 0 0 0 0 0 1 0 0 0 1 1 0 0 0 0 0 0 0 0 0 0 0 0 0 0 0 0 0 0 0 0 0 0 0 0 0 0 0 0 
1 1 1 0 1 1 1 1 1 1 0 1 1 1 1 1 1 1 1 0 0 0 0 0 0 0 0 0 0 0 0 1 1 1 1 1 1 0 0 0 1 1 0 0 0 0 0 
0 0 1 0 0 0 0 1 0 0 0 1 1 0 0 0 1 0 0 1 0 0 0 1 0 0 0 1 0 0 0 0 0 0 0 0 0 1 0 0 0 0 1 1 1 1 1 
0 primes tested
matches:

unique matches:

expanded matches:


M0 for 601-602.605.smol:
0 0 1 1 0 0 0 1 0 0 1 1 1 0 0 0 1 0 0 0 0 0 0 0 0 0 0 0 0 0 0 0 0 0 0 0 0 0 0 0 0 0 0 0 0 0 0 
0 0 0 0 0 0 0 0 0 0 0 0 0 0 0 0 0 0 0 0 0 0 0 0 0 0 0 0 0 0 0 1 1 1 1 1 1 0 0 0 1 1 0 0 0 0 0 
1 1 1 0 1 1 1 1 1 1 0 1 1 1 1 1 1 1 1 0 0 0 0 0 0 0 0 0 0 0 0 1 1 1 1 1 1 0 0 0 1 1 0 0 0 0 0 
1 1 1 0 1 1 1 1 1 1 0 1 1 1 1 1 1 1 1 0 0 0 0 0 0 0 0 0 0 0 0 1 1 1 1 1 1 0 0 0 1 1 0 0 0 0 0 
29072 primes tested
matches:
[3, 32, ]/[3, 32, 0, 8, ]
[10, 34, ]/[10, 34, 14, 5, ]

unique matches:
[3, 32, ]/[3, 32, 0, 8, ]
[10, 34, ]/[10, 34, 14, 5, ]

expanding [3, 32, ]/[3, 32, 0, 8, ]
trying AROMATIC:2 (AROMATIC)
config (0x1065a0): [1, 0, -1, -1, ] with E=4.93; []
graph index 3 -> 1
checking for [] in [AROMATIC, ]
graph index 32 -> 0
graph index 0 -> 1
graph index 8 -> 1
valid configuration!

trying RING:1 (RING)
config (0x106580): [1, 0, -1, -1, ] with E=8.46; [AROMATIC, ]
graph index 3 -> 0
not valid

expanding [10, 34, ]/[10, 34, 14, 5, ]
trying AROMATIC:2 (AROMATIC)
config (0x1065a0): [1, 0, -1, -1, ] with E=4.93; []
graph index 10 -> 1
checking for [] in [AROMATIC, ]
graph index 34 -> 0
graph index 14 -> 1
graph index 5 -> 1
valid configuration!

trying RING:1 (RING)
config (0x106580): [1, 0, -1, -1, ] with E=8.46; [AROMATIC, ]
graph index 10 -> 0
not valid

expanded matches:
11 (E=12.8): [3, 32, ]/[3, 32, 0, 8, ]
5 (E=4.93): [3, 32, ]/[3, 32, 0, 8, ]
11 (E=12.8): [10, 34, ]/[10, 34, 14, 5, ]
5 (E=4.93): [10, 34, ]/[10, 34, 14, 5, ]


M0 for 603.606-608.610-611.smol:
0 1 1 1 1 0 0 1 0 1 1 1 1 0 0 0 1 0 0 0 0 0 0 0 0 0 0 0 0 0 0 0 0 0 0 0 0 0 0 0 0 0 0 0 0 0 0 
1 1 1 0 1 1 1 1 1 1 0 1 1 1 1 1 1 1 1 0 0 0 0 0 0 0 0 0 0 0 0 1 1 1 1 1 1 0 0 0 1 1 0 0 0 0 0 
1 1 1 0 1 1 1 1 1 1 0 1 1 1 1 1 1 1 1 0 0 0 0 0 0 0 0 0 0 0 0 1 1 1 1 1 1 0 0 0 1 1 0 0 0 0 0 
1 1 1 0 1 1 1 1 1 1 0 1 1 1 1 1 1 1 1 0 0 0 0 0 0 0 0 0 0 0 0 1 1 1 1 1 1 0 0 0 1 1 0 0 0 0 0 
124752 primes tested
matches:
[1, ]/[1, 4, 0, 5, ]
[1, ]/[1, 4, 5, 0, ]
[3, ]/[3, 8, 0, 32, ]
[3, ]/[3, 8, 32, 0, ]
[4, ]/[4, 1, 8, 9, ]
[4, ]/[4, 1, 9, 8, ]
[9, ]/[9, 14, 4, 15, ]
[9, ]/[9, 14, 15, 4, ]
[10, ]/[10, 5, 14, 34, ]
[10, ]/[10, 5, 34, 14, ]

unique matches:
[1, ]/[1, 4, 0, 5, ]
[3, ]/[3, 8, 0, 32, ]
[4, ]/[4, 1, 8, 9, ]
[9, ]/[9, 14, 4, 15, ]
[10, ]/[10, 5, 14, 34, ]

expanding [1, ]/[1, 4, 0, 5, ]
trying AROMATIC:1 (AROMATIC)
config (0x106430): [2, -1, -1, -1, ] with E=-0.0245; []
graph index 1 -> 2
checking for [] in [AROMATIC, RING, ]
graph index 4 -> 2
graph index 0 -> 1
graph index 5 -> 1
valid configuration!

trying AROMATIC:3 (AROMATIC)
config (0x1066c0): [1, -2, -2, -1, ] with E=6.95; []
graph index 1 -> 2
not valid

trying AROMATIC:4 (AROMATIC)
config (0x1066e0): [1, -2, -1, -2, ] with E=6.95; []
graph index 1 -> 2
not valid

trying RING:2 (RING)
config (0x1066d0): [2, -1, -1, -1, ] with E=16.7; [AROMATIC, ]
graph index 1 -> 1
not valid

trying RING:5 (RING)
config (0x106700): [1, -2, -2, -1, ] with E=32.1; []
graph index 1 -> 1
checking for [] in [AROMATIC, RING, ]
graph index 4 -> 1
graph index 0 -> 1
graph index 5 -> 1
valid configuration!

trying RING:6 (RING)
config (0x1066f0): [1, -2, -1, -2, ] with E=32.1; []
graph index 1 -> 1
checking for [] in [AROMATIC, RING, ]
graph index 4 -> 1
graph index 0 -> 1
graph index 5 -> 1
valid configuration!

trying RING:7 (RING)
config (0x106830): [1, -1, -2, -2, ] with E=11.7; [AROMATIC, ]
graph index 1 -> 1
checking for [AROMATIC, ] in [AROMATIC, RING, ]
exception with: [AROMATIC, ]
not valid

expanding [3, ]/[3, 8, 0, 32, ]
trying AROMATIC:1 (AROMATIC)
config (0x106430): [2, -1, -1, -1, ] with E=-0.0245; []
graph index 3 -> 1
not valid

trying AROMATIC:3 (AROMATIC)
config (0x1066c0): [1, -2, -2, -1, ] with E=6.95; []
graph index 3 -> 1
checking for [] in [AROMATIC, ]
graph index 8 -> 1
graph index 0 -> 1
graph index 32 -> 0
valid configuration!

trying AROMATIC:4 (AROMATIC)
config (0x1066e0): [1, -2, -1, -2, ] with E=6.95; []
graph index 3 -> 1
checking for [] in [AROMATIC, ]
graph index 8 -> 1
graph index 0 -> 1
graph index 32 -> 0
not valid

trying RING:2 (RING)
config (0x1066d0): [2, -1, -1, -1, ] with E=16.7; [AROMATIC, ]
graph index 3 -> 0
not valid

trying RING:5 (RING)
config (0x106700): [1, -2, -2, -1, ] with E=32.1; []
graph index 3 -> 0
not valid

trying RING:6 (RING)
config (0x1066f0): [1, -2, -1, -2, ] with E=32.1; []
graph index 3 -> 0
not valid

trying RING:7 (RING)
config (0x106830): [1, -1, -2, -2, ] with E=11.7; [AROMATIC, ]
graph index 3 -> 0
not valid

expanding [4, ]/[4, 1, 8, 9, ]
trying AROMATIC:1 (AROMATIC)
config (0x106430): [2, -1, -1, -1, ] with E=-0.0245; []
graph index 4 -> 2
checking for [] in [AROMATIC, ORDINAL_CARBON, RING, ]
graph index 1 -> 2
graph index 8 -> 1
graph index 9 -> 1
valid configuration!

trying AROMATIC:3 (AROMATIC)
config (0x1066c0): [1, -2, -2, -1, ] with E=6.95; []
graph index 4 -> 2
not valid

trying AROMATIC:4 (AROMATIC)
config (0x1066e0): [1, -2, -1, -2, ] with E=6.95; []
graph index 4 -> 2
not valid

trying RING:2 (RING)
config (0x1066d0): [2, -1, -1, -1, ] with E=16.7; [AROMATIC, ]
graph index 4 -> 1
not valid

trying RING:5 (RING)
config (0x106700): [1, -2, -2, -1, ] with E=32.1; []
graph index 4 -> 1
checking for [] in [AROMATIC, ORDINAL_CARBON, RING, ]
graph index 1 -> 1
graph index 8 -> 0
not valid

trying RING:6 (RING)
config (0x1066f0): [1, -2, -1, -2, ] with E=32.1; []
graph index 4 -> 1
checking for [] in [AROMATIC, ORDINAL_CARBON, RING, ]
graph index 1 -> 1
graph index 8 -> 0
graph index 9 -> 0
not valid

trying RING:7 (RING)
config (0x106830): [1, -1, -2, -2, ] with E=11.7; [AROMATIC, ]
graph index 4 -> 1
checking for [AROMATIC, ] in [AROMATIC, ORDINAL_CARBON, RING, ]
exception with: [AROMATIC, ]
not valid

expanding [9, ]/[9, 14, 4, 15, ]
trying AROMATIC:1 (AROMATIC)
config (0x106430): [2, -1, -1, -1, ] with E=-0.0245; []
graph index 9 -> 1
not valid

trying AROMATIC:3 (AROMATIC)
config (0x1066c0): [1, -2, -2, -1, ] with E=6.95; []
graph index 9 -> 1
checking for [] in [AROMATIC, ORDINAL_CARBON, ]
graph index 14 -> 1
graph index 4 -> 2
graph index 15 -> 0
valid configuration!

trying AROMATIC:4 (AROMATIC)
config (0x1066e0): [1, -2, -1, -2, ] with E=6.95; []
graph index 9 -> 1
checking for [] in [AROMATIC, ORDINAL_CARBON, ]
graph index 14 -> 1
graph index 4 -> 2
graph index 15 -> 0
not valid

trying RING:2 (RING)
config (0x1066d0): [2, -1, -1, -1, ] with E=16.7; [AROMATIC, ]
graph index 9 -> 0
not valid

trying RING:5 (RING)
config (0x106700): [1, -2, -2, -1, ] with E=32.1; []
graph index 9 -> 0
not valid

trying RING:6 (RING)
config (0x1066f0): [1, -2, -1, -2, ] with E=32.1; []
graph index 9 -> 0
not valid

trying RING:7 (RING)
config (0x106830): [1, -1, -2, -2, ] with E=11.7; [AROMATIC, ]
graph index 9 -> 0
not valid

expanding [10, ]/[10, 5, 14, 34, ]
trying AROMATIC:1 (AROMATIC)
config (0x106430): [2, -1, -1, -1, ] with E=-0.0245; []
graph index 10 -> 1
not valid

trying AROMATIC:3 (AROMATIC)
config (0x1066c0): [1, -2, -2, -1, ] with E=6.95; []
graph index 10 -> 1
checking for [] in [AROMATIC, ]
graph index 5 -> 1
graph index 14 -> 1
graph index 34 -> 0
valid configuration!

trying AROMATIC:4 (AROMATIC)
config (0x1066e0): [1, -2, -1, -2, ] with E=6.95; []
graph index 10 -> 1
checking for [] in [AROMATIC, ]
graph index 5 -> 1
graph index 14 -> 1
graph index 34 -> 0
not valid

trying RING:2 (RING)
config (0x1066d0): [2, -1, -1, -1, ] with E=16.7; [AROMATIC, ]
graph index 10 -> 0
not valid

trying RING:5 (RING)
config (0x106700): [1, -2, -2, -1, ] with E=32.1; []
graph index 10 -> 0
not valid

trying RING:6 (RING)
config (0x1066f0): [1, -2, -1, -2, ] with E=32.1; []
graph index 10 -> 0
not valid

trying RING:7 (RING)
config (0x106830): [1, -1, -2, -2, ] with E=11.7; [AROMATIC, ]
graph index 10 -> 0
not valid

expanded matches:
13 (E=15.7): [1, ]/[1, 4, 0, 5, ]
2 (E=-0.0245): [1, ]/[1, 4, 0, 5, ]
7 (E=32.1): [1, ]/[1, 4, 0, 5, ]
7 (E=32.1): [1, ]/[1, 4, 0, 5, ]
13 (E=15.7): [3, ]/[3, 8, 0, 32, ]
6 (E=6.95): [3, ]/[3, 8, 0, 32, ]
13 (E=15.7): [4, ]/[4, 1, 8, 9, ]
2 (E=-0.0245): [4, ]/[4, 1, 8, 9, ]
13 (E=15.7): [9, ]/[9, 14, 4, 15, ]
6 (E=6.95): [9, ]/[9, 14, 4, 15, ]
13 (E=15.7): [10, ]/[10, 5, 14, 34, ]
6 (E=6.95): [10, ]/[10, 5, 14, 34, ]


M0 for 604.smol:
0 0 0 0 0 0 0 0 0 0 0 0 0 0 0 0 1 0 0 0 0 0 0 0 0 0 0 0 0 0 0 0 0 0 0 0 0 0 0 0 0 0 0 0 0 0 0 
0 0 0 0 0 0 0 0 0 0 0 0 0 0 0 0 0 0 0 0 0 0 0 0 0 0 0 0 0 0 0 1 1 1 1 1 1 0 0 0 1 1 0 0 0 0 0 
0 0 0 0 0 0 0 0 0 0 0 0 0 0 0 0 0 0 0 0 0 0 0 0 0 0 0 0 0 0 0 1 1 1 1 1 1 0 0 0 1 1 0 0 0 0 0 
1 1 1 0 1 1 1 1 1 1 0 1 1 1 1 1 1 1 1 0 0 0 0 0 0 0 0 0 0 0 0 1 1 1 1 1 1 0 0 0 1 1 0 0 0 0 0 
1232 primes tested
matches:

unique matches:

expanded matches:


M0 for 612.smol:
0 0 1 1 0 0 0 1 0 0 1 1 1 0 0 0 1 0 0 0 0 0 0 0 0 0 0 0 0 0 0 0 0 0 0 0 0 0 0 0 0 0 0 0 0 0 0 
0 0 0 0 0 0 0 0 0 0 0 0 0 0 0 0 0 0 0 0 0 0 0 0 0 0 0 0 0 0 0 1 1 1 1 1 1 0 0 0 1 1 0 0 0 0 0 
1 1 1 0 1 1 1 1 1 1 0 1 1 1 1 1 1 1 1 0 0 0 0 0 0 0 0 0 0 0 0 1 1 1 1 1 1 0 0 0 1 1 0 0 0 0 0 
1304 primes tested
matches:

unique matches:

expanded matches:


M0 for 613.smol:
0 1 1 1 1 0 0 1 0 1 1 1 1 0 0 0 1 0 0 0 0 0 0 0 0 0 0 0 0 0 0 0 0 0 0 0 0 0 0 0 0 0 0 0 0 0 0 
1 1 1 0 1 1 1 1 1 1 0 1 1 1 1 1 1 1 1 0 0 0 0 0 0 0 0 0 0 0 0 1 1 1 1 1 1 0 0 0 1 1 0 0 0 0 0 
1 1 1 0 1 1 1 1 1 1 0 1 1 1 1 1 1 1 1 0 0 0 0 0 0 0 0 0 0 0 0 1 1 1 1 1 1 0 0 0 1 1 0 0 0 0 0 
5616 primes tested
matches:

unique matches:

expanded matches:


M0 for 701.smol:
0 0 0 0 0 0 0 0 0 0 0 0 0 0 0 0 0 0 0 0 0 0 0 0 0 0 0 0 0 0 0 0 0 0 0 0 0 0 0 0 0 0 0 0 0 0 0 
0 0 0 0 0 0 0 0 0 0 0 0 0 0 0 0 0 0 0 0 0 0 0 0 0 0 0 0 0 0 0 1 1 1 1 1 1 0 0 0 1 1 0 0 0 0 0 
0 0 0 0 0 0 0 0 0 0 0 0 0 0 0 0 0 0 0 0 0 0 0 0 0 0 0 0 0 0 0 1 1 1 1 1 1 0 0 0 1 1 0 0 0 0 0 
0 0 0 0 0 0 0 0 0 0 0 0 0 0 0 0 0 0 0 0 0 0 0 0 0 0 0 0 0 0 0 1 1 1 1 1 1 0 0 0 1 1 0 0 0 0 0 
1 1 1 0 1 1 1 1 1 1 0 1 1 1 1 1 1 1 1 0 0 0 0 0 0 0 0 0 0 0 0 1 1 1 1 1 1 0 0 0 1 1 0 0 0 0 0 
0 primes tested
matches:

unique matches:

expanded matches:


M0 for 702-703.smol:
0 0 0 0 0 0 0 0 0 0 0 0 0 0 0 0 1 0 0 0 0 0 0 0 0 0 0 0 0 0 0 0 0 0 0 0 0 0 0 0 0 0 0 0 0 0 0 
0 0 0 0 0 0 0 0 0 0 0 0 0 0 0 0 0 0 0 0 0 0 0 0 0 0 0 0 0 0 0 1 1 1 1 1 1 0 0 0 1 1 0 0 0 0 0 
0 0 0 0 0 0 0 0 0 0 0 0 0 0 0 0 0 0 0 0 0 0 0 0 0 0 0 0 0 0 0 1 1 1 1 1 1 0 0 0 1 1 0 0 0 0 0 
1 1 1 0 1 1 1 1 1 1 0 1 1 1 1 1 1 1 1 0 0 0 0 0 0 0 0 0 0 0 0 1 1 1 1 1 1 0 0 0 1 1 0 0 0 0 0 
1 1 1 0 1 1 1 1 1 1 0 1 1 1 1 1 1 1 1 0 0 0 0 0 0 0 0 0 0 0 0 1 1 1 1 1 1 0 0 0 1 1 0 0 0 0 0 
25872 primes tested
matches:
[16, 40, 41, ]/[16, 40, 41, 11, 18, ]
[16, 40, 41, ]/[16, 40, 41, 18, 11, ]
[16, 40, 41, ]/[16, 41, 40, 11, 18, ]
[16, 40, 41, ]/[16, 41, 40, 18, 11, ]

unique matches:
[16, 40, 41, ]/[16, 40, 41, 11, 18, ]

expanding [16, 40, 41, ]/[16, 40, 41, 11, 18, ]
trying RING:1 (RING)
config (0x104c10): [1, 0, 0, -1, -1, ] with E=3.18; []
graph index 16 -> 0
not valid

expanded matches:
7 (E=1.62): [16, 40, 41, ]/[16, 40, 41, 11, 18, ]


M0 for 704-706.smol:
0 0 1 0 0 0 0 1 0 0 0 1 1 0 0 0 1 0 0 0 0 0 0 0 0 0 0 0 0 0 0 0 0 0 0 0 0 0 0 0 0 0 0 0 0 0 0 
0 0 0 0 0 0 0 0 0 0 0 0 0 0 0 0 0 0 0 0 0 0 0 0 0 0 0 0 0 0 0 1 1 1 1 1 1 0 0 0 1 1 0 0 0 0 0 
1 1 1 0 1 1 1 1 1 1 0 1 1 1 1 1 1 1 1 0 0 0 0 0 0 0 0 0 0 0 0 1 1 1 1 1 1 0 0 0 1 1 0 0 0 0 0 
1 1 1 0 1 1 1 1 1 1 0 1 1 1 1 1 1 1 1 0 0 0 0 0 0 0 0 0 0 0 0 1 1 1 1 1 1 0 0 0 1 1 0 0 0 0 0 
1 1 1 0 1 1 1 1 1 1 0 1 1 1 1 1 1 1 1 0 0 0 0 0 0 0 0 0 0 0 0 1 1 1 1 1 1 0 0 0 1 1 0 0 0 0 0 
425040 primes tested
matches:
[2, 31, ]/[2, 31, 0, 6, 7, ]
[2, 31, ]/[2, 31, 0, 7, 6, ]
[2, 31, ]/[2, 31, 6, 0, 7, ]
[2, 31, ]/[2, 31, 6, 7, 0, ]
[2, 31, ]/[2, 31, 7, 0, 6, ]
[2, 31, ]/[2, 31, 7, 6, 0, ]
[7, 33, ]/[7, 33, 2, 12, 13, ]
[7, 33, ]/[7, 33, 2, 13, 12, ]
[7, 33, ]/[7, 33, 12, 2, 13, ]
[7, 33, ]/[7, 33, 12, 13, 2, ]
[7, 33, ]/[7, 33, 13, 2, 12, ]
[7, 33, ]/[7, 33, 13, 12, 2, ]
[11, 35, ]/[11, 35, 6, 12, 16, ]
[11, 35, ]/[11, 35, 6, 16, 12, ]
[11, 35, ]/[11, 35, 12, 6, 16, ]
[11, 35, ]/[11, 35, 12, 16, 6, ]
[11, 35, ]/[11, 35, 16, 6, 12, ]
[11, 35, ]/[11, 35, 16, 12, 6, ]
[12, 36, ]/[12, 36, 7, 11, 17, ]
[12, 36, ]/[12, 36, 7, 17, 11, ]
[12, 36, ]/[12, 36, 11, 7, 17, ]
[12, 36, ]/[12, 36, 11, 17, 7, ]
[12, 36, ]/[12, 36, 17, 7, 11, ]
[12, 36, ]/[12, 36, 17, 11, 7, ]
[16, 40, ]/[16, 40, 11, 18, 41, ]
[16, 40, ]/[16, 40, 11, 41, 18, ]
[16, 40, ]/[16, 40, 18, 11, 41, ]
[16, 40, ]/[16, 40, 18, 41, 11, ]
[16, 40, ]/[16, 40, 41, 11, 18, ]
[16, 40, ]/[16, 40, 41, 18, 11, ]
[16, 41, ]/[16, 41, 11, 18, 40, ]
[16, 41, ]/[16, 41, 11, 40, 18, ]
[16, 41, ]/[16, 41, 18, 11, 40, ]
[16, 41, ]/[16, 41, 18, 40, 11, ]
[16, 41, ]/[16, 41, 40, 11, 18, ]
[16, 41, ]/[16, 41, 40, 18, 11, ]

unique matches:
[2, 31, ]/[2, 31, 0, 6, 7, ]
[7, 33, ]/[7, 33, 13, 12, 2, ]
[11, 35, ]/[11, 35, 6, 12, 16, ]
[12, 36, ]/[12, 36, 17, 11, 7, ]
[16, 40, ]/[16, 40, 11, 18, 41, ]
[16, 41, ]/[16, 41, 11, 18, 40, ]

expanding [2, 31, ]/[2, 31, 0, 6, 7, ]
trying RING:1 (RING)
config (0x106310): [2, 0, -1, -1, -1, ] with E=2.6; []
graph index 2 -> 1
not valid

trying RING:2 (RING)
config (0x106330): [1, 0, -1, -1, -1, ] with E=4.84; []
graph index 2 -> 1
checking for [] in [AROMATIC, ORDINAL_CARBON, RING, ]
graph index 31 -> 0
graph index 0 -> 1
graph index 6 -> 1
graph index 7 -> 0
valid configuration!

expanding [7, 33, ]/[7, 33, 13, 12, 2, ]
trying RING:1 (RING)
config (0x106310): [2, 0, -1, -1, -1, ] with E=2.6; []
graph index 7 -> 0
not valid

trying RING:2 (RING)
config (0x106330): [1, 0, -1, -1, -1, ] with E=4.84; []
graph index 7 -> 0
not valid

expanding [11, 35, ]/[11, 35, 6, 12, 16, ]
trying RING:1 (RING)
config (0x106310): [2, 0, -1, -1, -1, ] with E=2.6; []
graph index 11 -> 0
not valid

trying RING:2 (RING)
config (0x106330): [1, 0, -1, -1, -1, ] with E=4.84; []
graph index 11 -> 0
not valid

expanding [12, 36, ]/[12, 36, 17, 11, 7, ]
trying RING:1 (RING)
config (0x106310): [2, 0, -1, -1, -1, ] with E=2.6; []
graph index 12 -> 0
not valid

trying RING:2 (RING)
config (0x106330): [1, 0, -1, -1, -1, ] with E=4.84; []
graph index 12 -> 0
not valid

expanding [16, 40, ]/[16, 40, 11, 18, 41, ]
trying RING:1 (RING)
config (0x106310): [2, 0, -1, -1, -1, ] with E=2.6; []
graph index 16 -> 0
not valid

trying RING:2 (RING)
config (0x106330): [1, 0, -1, -1, -1, ] with E=4.84; []
graph index 16 -> 0
not valid

expanding [16, 41, ]/[16, 41, 11, 18, 40, ]
trying RING:1 (RING)
config (0x106310): [2, 0, -1, -1, -1, ] with E=2.6; []
graph index 16 -> 0
not valid

trying RING:2 (RING)
config (0x106330): [1, 0, -1, -1, -1, ] with E=4.84; []
graph index 16 -> 0
not valid

expanded matches:
8 (E=5.08): [2, 31, ]/[2, 31, 0, 6, 7, ]
4 (E=4.84): [2, 31, ]/[2, 31, 0, 6, 7, ]
8 (E=5.08): [7, 33, ]/[7, 33, 13, 12, 2, ]
8 (E=5.08): [11, 35, ]/[11, 35, 6, 12, 16, ]
8 (E=5.08): [12, 36, ]/[12, 36, 17, 11, 7, ]
8 (E=5.08): [16, 40, ]/[16, 40, 11, 18, 41, ]
8 (E=5.08): [16, 41, ]/[16, 41, 11, 18, 40, ]


M0 for 707-709.smol:
0 0 1 0 0 0 0 1 0 0 0 1 1 0 0 0 1 0 0 0 0 0 0 0 0 0 0 0 0 0 0 0 0 0 0 0 0 0 0 0 0 0 0 0 0 0 0 
1 1 1 0 1 1 1 1 1 1 0 1 1 1 1 1 1 1 1 0 0 0 0 0 0 0 0 0 0 0 0 1 1 1 1 1 1 0 0 0 1 1 0 0 0 0 0 
1 1 1 0 1 1 1 1 1 1 0 1 1 1 1 1 1 1 1 0 0 0 0 0 0 0 0 0 0 0 0 1 1 1 1 1 1 0 0 0 1 1 0 0 0 0 0 
1 1 1 0 1 1 1 1 1 1 0 1 1 1 1 1 1 1 1 0 0 0 0 0 0 0 0 0 0 0 0 1 1 1 1 1 1 0 0 0 1 1 0 0 0 0 0 
1 1 1 0 1 1 1 1 1 1 0 1 1 1 1 1 1 1 1 0 0 0 0 0 0 0 0 0 0 0 0 1 1 1 1 1 1 0 0 0 1 1 0 0 0 0 0 
1275120 primes tested
matches:
[2, ]/[2, 0, 6, 7, 31, ]
[2, ]/[2, 0, 6, 31, 7, ]
[2, ]/[2, 0, 7, 6, 31, ]
[2, ]/[2, 0, 7, 31, 6, ]
[2, ]/[2, 0, 31, 6, 7, ]
[2, ]/[2, 0, 31, 7, 6, ]
[2, ]/[2, 6, 0, 7, 31, ]
[2, ]/[2, 6, 0, 31, 7, ]
[2, ]/[2, 6, 7, 0, 31, ]
[2, ]/[2, 6, 7, 31, 0, ]
[2, ]/[2, 6, 31, 0, 7, ]
[2, ]/[2, 6, 31, 7, 0, ]
[2, ]/[2, 7, 0, 6, 31, ]
[2, ]/[2, 7, 0, 31, 6, ]
[2, ]/[2, 7, 6, 0, 31, ]
[2, ]/[2, 7, 6, 31, 0, ]
[2, ]/[2, 7, 31, 0, 6, ]
[2, ]/[2, 7, 31, 6, 0, ]
[2, ]/[2, 31, 0, 6, 7, ]
[2, ]/[2, 31, 0, 7, 6, ]
[2, ]/[2, 31, 6, 0, 7, ]
[2, ]/[2, 31, 6, 7, 0, ]
[2, ]/[2, 31, 7, 0, 6, ]
[2, ]/[2, 31, 7, 6, 0, ]
[7, ]/[7, 2, 12, 13, 33, ]
[7, ]/[7, 2, 12, 33, 13, ]
[7, ]/[7, 2, 13, 12, 33, ]
[7, ]/[7, 2, 13, 33, 12, ]
[7, ]/[7, 2, 33, 12, 13, ]
[7, ]/[7, 2, 33, 13, 12, ]
[7, ]/[7, 12, 2, 13, 33, ]
[7, ]/[7, 12, 2, 33, 13, ]
[7, ]/[7, 12, 13, 2, 33, ]
[7, ]/[7, 12, 13, 33, 2, ]
[7, ]/[7, 12, 33, 2, 13, ]
[7, ]/[7, 12, 33, 13, 2, ]
[7, ]/[7, 13, 2, 12, 33, ]
[7, ]/[7, 13, 2, 33, 12, ]
[7, ]/[7, 13, 12, 2, 33, ]
[7, ]/[7, 13, 12, 33, 2, ]
[7, ]/[7, 13, 33, 2, 12, ]
[7, ]/[7, 13, 33, 12, 2, ]
[7, ]/[7, 33, 2, 12, 13, ]
[7, ]/[7, 33, 2, 13, 12, ]
[7, ]/[7, 33, 12, 2, 13, ]
[7, ]/[7, 33, 12, 13, 2, ]
[7, ]/[7, 33, 13, 2, 12, ]
[7, ]/[7, 33, 13, 12, 2, ]
[11, ]/[11, 6, 12, 16, 35, ]
[11, ]/[11, 6, 12, 35, 16, ]
[11, ]/[11, 6, 16, 12, 35, ]
[11, ]/[11, 6, 16, 35, 12, ]
[11, ]/[11, 6, 35, 12, 16, ]
[11, ]/[11, 6, 35, 16, 12, ]
[11, ]/[11, 12, 6, 16, 35, ]
[11, ]/[11, 12, 6, 35, 16, ]
[11, ]/[11, 12, 16, 6, 35, ]
[11, ]/[11, 12, 16, 35, 6, ]
[11, ]/[11, 12, 35, 6, 16, ]
[11, ]/[11, 12, 35, 16, 6, ]
[11, ]/[11, 16, 6, 12, 35, ]
[11, ]/[11, 16, 6, 35, 12, ]
[11, ]/[11, 16, 12, 6, 35, ]
[11, ]/[11, 16, 12, 35, 6, ]
[11, ]/[11, 16, 35, 6, 12, ]
[11, ]/[11, 16, 35, 12, 6, ]
[11, ]/[11, 35, 6, 12, 16, ]
[11, ]/[11, 35, 6, 16, 12, ]
[11, ]/[11, 35, 12, 6, 16, ]
[11, ]/[11, 35, 12, 16, 6, ]
[11, ]/[11, 35, 16, 6, 12, ]
[11, ]/[11, 35, 16, 12, 6, ]
[12, ]/[12, 7, 11, 17, 36, ]
[12, ]/[12, 7, 11, 36, 17, ]
[12, ]/[12, 7, 17, 11, 36, ]
[12, ]/[12, 7, 17, 36, 11, ]
[12, ]/[12, 7, 36, 11, 17, ]
[12, ]/[12, 7, 36, 17, 11, ]
[12, ]/[12, 11, 7, 17, 36, ]
[12, ]/[12, 11, 7, 36, 17, ]
[12, ]/[12, 11, 17, 7, 36, ]
[12, ]/[12, 11, 17, 36, 7, ]
[12, ]/[12, 11, 36, 7, 17, ]
[12, ]/[12, 11, 36, 17, 7, ]
[12, ]/[12, 17, 7, 11, 36, ]
[12, ]/[12, 17, 7, 36, 11, ]
[12, ]/[12, 17, 11, 7, 36, ]
[12, ]/[12, 17, 11, 36, 7, ]
[12, ]/[12, 17, 36, 7, 11, ]
[12, ]/[12, 17, 36, 11, 7, ]
[12, ]/[12, 36, 7, 11, 17, ]
[12, ]/[12, 36, 7, 17, 11, ]
[12, ]/[12, 36, 11, 7, 17, ]
[12, ]/[12, 36, 11, 17, 7, ]
[12, ]/[12, 36, 17, 7, 11, ]
[12, ]/[12, 36, 17, 11, 7, ]
[16, ]/[16, 11, 18, 40, 41, ]
[16, ]/[16, 11, 18, 41, 40, ]
[16, ]/[16, 11, 40, 18, 41, ]
[16, ]/[16, 11, 40, 41, 18, ]
[16, ]/[16, 11, 41, 18, 40, ]
[16, ]/[16, 11, 41, 40, 18, ]
[16, ]/[16, 18, 11, 40, 41, ]
[16, ]/[16, 18, 11, 41, 40, ]
[16, ]/[16, 18, 40, 11, 41, ]
[16, ]/[16, 18, 40, 41, 11, ]
[16, ]/[16, 18, 41, 11, 40, ]
[16, ]/[16, 18, 41, 40, 11, ]
[16, ]/[16, 40, 11, 18, 41, ]
[16, ]/[16, 40, 11, 41, 18, ]
[16, ]/[16, 40, 18, 11, 41, ]
[16, ]/[16, 40, 18, 41, 11, ]
[16, ]/[16, 40, 41, 11, 18, ]
[16, ]/[16, 40, 41, 18, 11, ]
[16, ]/[16, 41, 11, 18, 40, ]
[16, ]/[16, 41, 11, 40, 18, ]
[16, ]/[16, 41, 18, 11, 40, ]
[16, ]/[16, 41, 18, 40, 11, ]
[16, ]/[16, 41, 40, 11, 18, ]
[16, ]/[16, 41, 40, 18, 11, ]

unique matches:
[2, ]/[2, 31, 7, 6, 0, ]
[7, ]/[7, 13, 2, 12, 33, ]
[11, ]/[11, 16, 6, 12, 35, ]
[12, ]/[12, 17, 7, 11, 36, ]
[16, ]/[16, 40, 11, 18, 41, ]

expanding [2, ]/[2, 31, 7, 6, 0, ]
trying RING:1 (RING)
config (0x104df0): [2, -1, -1, -1, -1, ] with E=-3.89; []
graph index 2 -> 1
not valid

trying RING:2 (RING)
config (0x106a80): [1, -1, -1, -1, -1, ] with E=7.17; []
graph index 2 -> 1
checking for [] in [AROMATIC, ORDINAL_CARBON, RING, ]
graph index 31 -> 0
graph index 7 -> 0
graph index 6 -> 1
graph index 0 -> 1
valid configuration!

expanding [7, ]/[7, 13, 2, 12, 33, ]
trying RING:1 (RING)
config (0x104df0): [2, -1, -1, -1, -1, ] with E=-3.89; []
graph index 7 -> 0
not valid

trying RING:2 (RING)
config (0x106a80): [1, -1, -1, -1, -1, ] with E=7.17; []
graph index 7 -> 0
not valid

expanding [11, ]/[11, 16, 6, 12, 35, ]
trying RING:1 (RING)
config (0x104df0): [2, -1, -1, -1, -1, ] with E=-3.89; []
graph index 11 -> 0
not valid

trying RING:2 (RING)
config (0x106a80): [1, -1, -1, -1, -1, ] with E=7.17; []
graph index 11 -> 0
not valid

expanding [12, ]/[12, 17, 7, 11, 36, ]
trying RING:1 (RING)
config (0x104df0): [2, -1, -1, -1, -1, ] with E=-3.89; []
graph index 12 -> 0
not valid

trying RING:2 (RING)
config (0x106a80): [1, -1, -1, -1, -1, ] with E=7.17; []
graph index 12 -> 0
not valid

expanding [16, ]/[16, 40, 11, 18, 41, ]
trying RING:1 (RING)
config (0x104df0): [2, -1, -1, -1, -1, ] with E=-3.89; []
graph index 16 -> 0
not valid

trying RING:2 (RING)
config (0x106a80): [1, -1, -1, -1, -1, ] with E=7.17; []
graph index 16 -> 0
not valid

expanded matches:
9 (E=7.12): [2, ]/[2, 31, 7, 6, 0, ]
5 (E=7.17): [2, ]/[2, 31, 7, 6, 0, ]
9 (E=7.12): [7, ]/[7, 13, 2, 12, 33, ]
9 (E=7.12): [11, ]/[11, 16, 6, 12, 35, ]
9 (E=7.12): [12, ]/[12, 17, 7, 11, 36, ]
9 (E=7.12): [16, ]/[16, 40, 11, 18, 41, ]


all possible matches: 
2 (E=-0.0245): [1, ]/[1, 4, 0, 5, ]
2 (E=-0.0245): [4, ]/[4, 1, 8, 9, ]
3 (E=-254): [24, 27, 28, 29, 30, 45, 46, ]/[28, 29, 30, 27, 24, 45, 46, 23, ]
4 (E=4.84): [2, 31, ]/[2, 31, 0, 6, 7, ]
5 (E=4.93): [3, 32, ]/[3, 32, 0, 8, ]
5 (E=4.93): [10, 34, ]/[10, 34, 14, 5, ]
5 (E=10.5): [15, 38, ]/[15, 38, 9, 39, ]
5 (E=10.5): [15, 39, ]/[15, 39, 9, 38, ]
5 (E=7.17): [2, ]/[2, 31, 7, 6, 0, ]
6 (E=-208): [18, 19, 21, 22, 43, ]/[16, 18, 19, 20, 22, 21, 43, ]
6 (E=-208): [19, 20, 21, 22, 43, ]/[23, 20, 19, 18, 22, 21, 43, ]
6 (E=-208): [20, 23, 25, 26, 44, ]/[19, 20, 23, 24, 26, 25, 44, ]
6 (E=-208): [23, 24, 25, 26, 44, ]/[27, 24, 23, 20, 26, 25, 44, ]
6 (E=-208): [24, 27, 28, 30, 45, ]/[23, 24, 27, 29, 30, 28, 45, ]
6 (E=-208): [24, 27, 29, 30, 46, ]/[23, 24, 27, 28, 30, 29, 46, ]
6 (E=-208): [27, 28, 29, 30, 45, ]/[46, 29, 27, 24, 30, 28, 45, ]
6 (E=-208): [27, 28, 29, 30, 46, ]/[45, 28, 27, 24, 30, 29, 46, ]
6 (E=6.95): [3, ]/[3, 8, 0, 32, ]
6 (E=6.95): [9, ]/[9, 14, 4, 15, ]
6 (E=6.95): [10, ]/[10, 5, 14, 34, ]
7 (E=-234): [18, 19, 20, 21, 22, 43, ]/[19, 21, 22, 18, 43, 20, 16, 23, ]
7 (E=-234): [20, 23, 24, 25, 26, 44, ]/[23, 25, 26, 20, 44, 24, 19, 27, ]
7 (E=-234): [24, 27, 28, 29, 30, 45, ]/[27, 28, 30, 24, 45, 29, 23, 46, ]
7 (E=-234): [24, 27, 28, 29, 30, 46, ]/[27, 29, 30, 24, 46, 28, 23, 45, ]
7 (E=1.62): [16, 40, 41, ]/[16, 40, 41, 11, 18, ]
7 (E=22.1): [0, ]/[0, 1, 2, 3, ]
7 (E=32.1): [1, ]/[1, 4, 0, 5, ]
7 (E=32.1): [1, ]/[1, 4, 0, 5, ]
7 (E=-36.6): [6, ]/[6, 2, 11, ]
8 (E=5.08): [2, 31, ]/[2, 31, 0, 6, 7, ]
8 (E=5.08): [7, 33, ]/[7, 33, 13, 12, 2, ]
8 (E=5.08): [11, 35, ]/[11, 35, 6, 12, 16, ]
8 (E=5.08): [12, 36, ]/[12, 36, 17, 11, 7, ]
8 (E=-41.5): [13, 37, ]/[13, 37, 7, ]
8 (E=5.08): [16, 40, ]/[16, 40, 11, 18, 41, ]
8 (E=5.08): [16, 41, ]/[16, 41, 11, 18, 40, ]
8 (E=-41.5): [17, 42, ]/[17, 42, 12, ]
8 (E=-41.5): [21, 43, ]/[21, 43, 19, ]
8 (E=-41.5): [25, 44, ]/[25, 44, 23, ]
8 (E=-41.5): [28, 45, ]/[28, 45, 27, ]
8 (E=-41.5): [29, 46, ]/[29, 46, 27, ]
9 (E=7.12): [2, ]/[2, 31, 7, 6, 0, ]
9 (E=4.17): [5, ]/[5, 1, 10, ]
9 (E=7.12): [7, ]/[7, 13, 2, 12, 33, ]
9 (E=7.12): [11, ]/[11, 16, 6, 12, 35, ]
9 (E=7.12): [12, ]/[12, 17, 7, 11, 36, ]
9 (E=7.12): [16, ]/[16, 40, 11, 18, 41, ]
10 (E=-23.2): [6, ]/[6, 2, 11, ]
10 (E=-23.2): [13, ]/[13, 7, 37, ]
10 (E=-23.2): [17, ]/[17, 12, 42, ]
10 (E=-23.2): [18, ]/[18, 16, 19, ]
10 (E=-23.2): [20, ]/[20, 19, 23, ]
10 (E=-23.2): [21, ]/[21, 43, 19, ]
10 (E=-23.2): [24, ]/[24, 23, 27, ]
10 (E=-23.2): [25, ]/[25, 23, 44, ]
10 (E=-23.2): [28, ]/[28, 27, 45, ]
10 (E=-23.2): [29, ]/[29, 27, 46, ]
11 (E=12.8): [3, 32, ]/[3, 32, 0, 8, ]
11 (E=12.8): [10, 34, ]/[10, 34, 14, 5, ]
13 (E=2.04): [15, 38, 39, ]/[15, 38, 39, 9, ]
13 (E=15.7): [1, ]/[1, 4, 0, 5, ]
13 (E=15.7): [3, ]/[3, 8, 0, 32, ]
13 (E=15.7): [4, ]/[4, 1, 8, 9, ]
13 (E=15.7): [9, ]/[9, 14, 4, 15, ]
13 (E=15.7): [10, ]/[10, 5, 14, 34, ]
16 (E=24.4): [0, ]/[0, 1, 2, 3, ]
16 (E=24.4): [15, ]/[15, 9, 38, 39, ]
17 (E=16.1): [5, ]/[5, 1, 10, ]
17 (E=16.1): [8, ]/[8, 4, 3, ]
17 (E=16.1): [14, ]/[14, 10, 9, ]
covers: 
2 (E=-0.0245): [1, ]/[1, 4, 0, 5, ]
2 (E=-0.0245): [4, ]/[4, 1, 8, 9, ]
3 (E=-254): [24, 27, 28, 29, 30, 45, 46, ]/[28, 29, 30, 27, 24, 45, 46, 23, ]
4 (E=4.84): [2, 31, ]/[2, 31, 0, 6, 7, ]
5 (E=4.93): [3, 32, ]/[3, 32, 0, 8, ]
5 (E=4.93): [10, 34, ]/[10, 34, 14, 5, ]
5 (E=10.5): [15, 38, ]/[15, 38, 9, 39, ]
6 (E=-208): [18, 19, 21, 22, 43, ]/[16, 18, 19, 20, 22, 21, 43, ]
6 (E=-208): [20, 23, 25, 26, 44, ]/[19, 20, 23, 24, 26, 25, 44, ]
6 (E=6.95): [9, ]/[9, 14, 4, 15, ]
7 (E=1.62): [16, 40, 41, ]/[16, 40, 41, 11, 18, ]
7 (E=22.1): [0, ]/[0, 1, 2, 3, ]
7 (E=-36.6): [6, ]/[6, 2, 11, ]
8 (E=5.08): [7, 33, ]/[7, 33, 13, 12, 2, ]
8 (E=5.08): [11, 35, ]/[11, 35, 6, 12, 16, ]
8 (E=5.08): [12, 36, ]/[12, 36, 17, 11, 7, ]
8 (E=-41.5): [13, 37, ]/[13, 37, 7, ]
8 (E=-41.5): [17, 42, ]/[17, 42, 12, ]
9 (E=4.17): [5, ]/[5, 1, 10, ]
17 (E=16.1): [8, ]/[8, 4, 3, ]
17 (E=16.1): [14, ]/[14, 10, 9, ]
energy for tests/ATP=-693.309 calculated in 134 seconds
