-0.296082704984,0.296082704984,17.4072789363;-512.0,512.0,0.0;5,8,14,15;;0;0
512.0,512.0,0.0;512.0,512.0,0.0;5,6,13;;0;1
512.0,-512.0,0.0;512.0,-512.0,0.0;4,6,7,10,10;;0;2
-512.0,-512.0,0.0;-512.0,-512.0,0.0;4,7,8,11,11;;0;3
0.0,0.0,0.0;0.0,0.0,0.0;2,3,5,7,9,10,11,12;;0;4
0.0,512.0,0.0;0.0,512.0,0.0;0,1,4,9,9,12,12,13,13,13,14,14;;0;5
512.0,0.0,0.0;512.0,0.0,0.0;1,2,9,10,13,13;;0;6
0.0,-512.0,0.0;0.0,-512.0,0.0;2,3,4;;0;7
-512.0,0.0,0.0;-512.0,0.0,0.0;3,0,11,15,15;;0;8
170.666666667,170.666666667,0.0;170.666666667,170.666666667,0.0;4,5,6,10,10,5,13;;0;9
256.0,0.0,0.0;256.0,0.0,0.0;4,6,2,9,2,9;;0;10
-256.0,0.0,0.0;-256.0,0.0,0.0;8,4,3,12,12,3,14,15;;0;11
-170.666666667,170.666666667,0.0;-170.666666667,170.666666667,0.0;4,5,11,5,11,14;;0;12
256.0,256.0,0.0;256.0,256.0,0.0;9,1,5,6,5,5,6;;0;13
-256.0,256.0,0.0;-256.0,256.0,0.0;0,12,5,11,15,5,15;;0;14
-341.333333333,170.666666667,0.0;-341.333333333,170.666666667,0.0;11,0,8,14,14,8;;0;15
