tests/ATP:
DEFAULT: config (0): N/A with E=1.79769e+308; []
M0 for :
1 0 0 0 0 1 0 0 1 0 0 0 0 0 1 1 0 0 0 0 0 0 0 0 0 0 0 0 0 0 0 
0 1 1 0 1 0 0 0 0 1 0 0 0 0 0 0 0 0 0 0 0 0 0 0 0 0 0 0 0 0 0 
0 0 0 0 0 0 0 0 0 0 0 0 0 0 0 0 0 0 0 0 0 0 0 0 0 0 0 0 0 0 0 
0 0 0 0 0 0 1 0 0 0 0 0 0 1 0 0 0 1 1 0 0 0 0 0 0 0 0 0 0 0 0 
0 0 0 0 0 0 1 0 0 0 0 0 0 1 0 0 0 1 1 0 0 0 0 0 0 0 0 0 0 0 0 
generating tree...done
generating primes...done

0 primes to test
finding indices for +1 nitrogens: []
adding hydrogens to:
0 (type 7): 0
1 (type 6): 0
2 (type 6): 1
3 (type 6): 1
4 (type 6): 0
5 (type 7): 0
6 (type 8): 0
7 (type 6): 1
8 (type 7): 0
9 (type 6): 0
10 (type 6): 1
11 (type 6): 1
12 (type 6): 1
13 (type 8): 1
14 (type 7): 0
15 (type 7): 2
16 (type 6): 2
17 (type 8): 1
18 (type 8): 0
19 (type 15): 0
20 (type 8): 0
21 (type 8): 1
22 (type 8): 0
23 (type 15): 0
24 (type 8): 0
25 (type 8): 1
26 (type 8): 0
27 (type 15): 0
28 (type 8): 1
29 (type 8): 1
30 (type 8): 0
16 hydrogens to be added
0 1 1 1 0 0 0 0 0 0 0 0 0 0 0 0 0 0 0 0 0 0 0 0 0 0 0 0 0 0 0 0 0 0 0 0 0 0 0 0 0 0 0 0 0 0 0 
1 0 0 0 2 1 0 0 0 0 0 0 0 0 0 0 0 0 0 0 0 0 0 0 0 0 0 0 0 0 0 0 0 0 0 0 0 0 0 0 0 0 0 0 0 0 0 
1 0 0 0 0 0 1 1 0 0 0 0 0 0 0 0 0 0 0 0 0 0 0 0 0 0 0 0 0 0 0 1 0 0 0 0 0 0 0 0 0 0 0 0 0 0 0 
1 0 0 0 0 0 0 0 2 0 0 0 0 0 0 0 0 0 0 0 0 0 0 0 0 0 0 0 0 0 0 0 1 0 0 0 0 0 0 0 0 0 0 0 0 0 0 
0 2 0 0 0 0 0 0 1 1 0 0 0 0 0 0 0 0 0 0 0 0 0 0 0 0 0 0 0 0 0 0 0 0 0 0 0 0 0 0 0 0 0 0 0 0 0 
0 1 0 0 0 0 0 0 0 0 2 0 0 0 0 0 0 0 0 0 0 0 0 0 0 0 0 0 0 0 0 0 0 0 0 0 0 0 0 0 0 0 0 0 0 0 0 
0 0 1 0 0 0 0 0 0 0 0 1 0 0 0 0 0 0 0 0 0 0 0 0 0 0 0 0 0 0 0 0 0 0 0 0 0 0 0 0 0 0 0 0 0 0 0 
0 0 1 0 0 0 0 0 0 0 0 0 1 1 0 0 0 0 0 0 0 0 0 0 0 0 0 0 0 0 0 0 0 1 0 0 0 0 0 0 0 0 0 0 0 0 0 
0 0 0 2 1 0 0 0 0 0 0 0 0 0 0 0 0 0 0 0 0 0 0 0 0 0 0 0 0 0 0 0 0 0 0 0 0 0 0 0 0 0 0 0 0 0 0 
0 0 0 0 1 0 0 0 0 0 0 0 0 0 2 1 0 0 0 0 0 0 0 0 0 0 0 0 0 0 0 0 0 0 0 0 0 0 0 0 0 0 0 0 0 0 0 
0 0 0 0 0 2 0 0 0 0 0 0 0 0 1 0 0 0 0 0 0 0 0 0 0 0 0 0 0 0 0 0 0 0 1 0 0 0 0 0 0 0 0 0 0 0 0 
0 0 0 0 0 0 1 0 0 0 0 0 1 0 0 0 1 0 0 0 0 0 0 0 0 0 0 0 0 0 0 0 0 0 0 1 0 0 0 0 0 0 0 0 0 0 0 
0 0 0 0 0 0 0 1 0 0 0 1 0 0 0 0 0 1 0 0 0 0 0 0 0 0 0 0 0 0 0 0 0 0 0 0 1 0 0 0 0 0 0 0 0 0 0 
0 0 0 0 0 0 0 1 0 0 0 0 0 0 0 0 0 0 0 0 0 0 0 0 0 0 0 0 0 0 0 0 0 0 0 0 0 1 0 0 0 0 0 0 0 0 0 
0 0 0 0 0 0 0 0 0 2 1 0 0 0 0 0 0 0 0 0 0 0 0 0 0 0 0 0 0 0 0 0 0 0 0 0 0 0 0 0 0 0 0 0 0 0 0 
0 0 0 0 0 0 0 0 0 1 0 0 0 0 0 0 0 0 0 0 0 0 0 0 0 0 0 0 0 0 0 0 0 0 0 0 0 0 1 1 0 0 0 0 0 0 0 
0 0 0 0 0 0 0 0 0 0 0 1 0 0 0 0 0 0 1 0 0 0 0 0 0 0 0 0 0 0 0 0 0 0 0 0 0 0 0 0 1 1 0 0 0 0 0 
0 0 0 0 0 0 0 0 0 0 0 0 1 0 0 0 0 0 0 0 0 0 0 0 0 0 0 0 0 0 0 0 0 0 0 0 0 0 0 0 0 0 1 0 0 0 0 
0 0 0 0 0 0 0 0 0 0 0 0 0 0 0 0 1 0 0 1 0 0 0 0 0 0 0 0 0 0 0 0 0 0 0 0 0 0 0 0 0 0 0 0 0 0 0 
0 0 0 0 0 0 0 0 0 0 0 0 0 0 0 0 0 0 1 0 1 1 2 0 0 0 0 0 0 0 0 0 0 0 0 0 0 0 0 0 0 0 0 0 0 0 0 
0 0 0 0 0 0 0 0 0 0 0 0 0 0 0 0 0 0 0 1 0 0 0 1 0 0 0 0 0 0 0 0 0 0 0 0 0 0 0 0 0 0 0 0 0 0 0 
0 0 0 0 0 0 0 0 0 0 0 0 0 0 0 0 0 0 0 1 0 0 0 0 0 0 0 0 0 0 0 0 0 0 0 0 0 0 0 0 0 0 0 1 0 0 0 
0 0 0 0 0 0 0 0 0 0 0 0 0 0 0 0 0 0 0 2 0 0 0 0 0 0 0 0 0 0 0 0 0 0 0 0 0 0 0 0 0 0 0 0 0 0 0 
0 0 0 0 0 0 0 0 0 0 0 0 0 0 0 0 0 0 0 0 1 0 0 0 1 1 2 0 0 0 0 0 0 0 0 0 0 0 0 0 0 0 0 0 0 0 0 
0 0 0 0 0 0 0 0 0 0 0 0 0 0 0 0 0 0 0 0 0 0 0 1 0 0 0 1 0 0 0 0 0 0 0 0 0 0 0 0 0 0 0 0 0 0 0 
0 0 0 0 0 0 0 0 0 0 0 0 0 0 0 0 0 0 0 0 0 0 0 1 0 0 0 0 0 0 0 0 0 0 0 0 0 0 0 0 0 0 0 0 1 0 0 
0 0 0 0 0 0 0 0 0 0 0 0 0 0 0 0 0 0 0 0 0 0 0 2 0 0 0 0 0 0 0 0 0 0 0 0 0 0 0 0 0 0 0 0 0 0 0 
0 0 0 0 0 0 0 0 0 0 0 0 0 0 0 0 0 0 0 0 0 0 0 0 1 0 0 0 1 1 2 0 0 0 0 0 0 0 0 0 0 0 0 0 0 0 0 
0 0 0 0 0 0 0 0 0 0 0 0 0 0 0 0 0 0 0 0 0 0 0 0 0 0 0 1 0 0 0 0 0 0 0 0 0 0 0 0 0 0 0 0 0 1 0 
0 0 0 0 0 0 0 0 0 0 0 0 0 0 0 0 0 0 0 0 0 0 0 0 0 0 0 1 0 0 0 0 0 0 0 0 0 0 0 0 0 0 0 0 0 0 1 
0 0 0 0 0 0 0 0 0 0 0 0 0 0 0 0 0 0 0 0 0 0 0 0 0 0 0 2 0 0 0 0 0 0 0 0 0 0 0 0 0 0 0 0 0 0 0 
0 0 1 0 0 0 0 0 0 0 0 0 0 0 0 0 0 0 0 0 0 0 0 0 0 0 0 0 0 0 0 0 0 0 0 0 0 0 0 0 0 0 0 0 0 0 0 
0 0 0 1 0 0 0 0 0 0 0 0 0 0 0 0 0 0 0 0 0 0 0 0 0 0 0 0 0 0 0 0 0 0 0 0 0 0 0 0 0 0 0 0 0 0 0 
0 0 0 0 0 0 0 1 0 0 0 0 0 0 0 0 0 0 0 0 0 0 0 0 0 0 0 0 0 0 0 0 0 0 0 0 0 0 0 0 0 0 0 0 0 0 0 
0 0 0 0 0 0 0 0 0 0 1 0 0 0 0 0 0 0 0 0 0 0 0 0 0 0 0 0 0 0 0 0 0 0 0 0 0 0 0 0 0 0 0 0 0 0 0 
0 0 0 0 0 0 0 0 0 0 0 1 0 0 0 0 0 0 0 0 0 0 0 0 0 0 0 0 0 0 0 0 0 0 0 0 0 0 0 0 0 0 0 0 0 0 0 
0 0 0 0 0 0 0 0 0 0 0 0 1 0 0 0 0 0 0 0 0 0 0 0 0 0 0 0 0 0 0 0 0 0 0 0 0 0 0 0 0 0 0 0 0 0 0 
0 0 0 0 0 0 0 0 0 0 0 0 0 1 0 0 0 0 0 0 0 0 0 0 0 0 0 0 0 0 0 0 0 0 0 0 0 0 0 0 0 0 0 0 0 0 0 
0 0 0 0 0 0 0 0 0 0 0 0 0 0 0 1 0 0 0 0 0 0 0 0 0 0 0 0 0 0 0 0 0 0 0 0 0 0 0 0 0 0 0 0 0 0 0 
0 0 0 0 0 0 0 0 0 0 0 0 0 0 0 1 0 0 0 0 0 0 0 0 0 0 0 0 0 0 0 0 0 0 0 0 0 0 0 0 0 0 0 0 0 0 0 
0 0 0 0 0 0 0 0 0 0 0 0 0 0 0 0 1 0 0 0 0 0 0 0 0 0 0 0 0 0 0 0 0 0 0 0 0 0 0 0 0 0 0 0 0 0 0 
0 0 0 0 0 0 0 0 0 0 0 0 0 0 0 0 1 0 0 0 0 0 0 0 0 0 0 0 0 0 0 0 0 0 0 0 0 0 0 0 0 0 0 0 0 0 0 
0 0 0 0 0 0 0 0 0 0 0 0 0 0 0 0 0 1 0 0 0 0 0 0 0 0 0 0 0 0 0 0 0 0 0 0 0 0 0 0 0 0 0 0 0 0 0 
0 0 0 0 0 0 0 0 0 0 0 0 0 0 0 0 0 0 0 0 0 1 0 0 0 0 0 0 0 0 0 0 0 0 0 0 0 0 0 0 0 0 0 0 0 0 0 
0 0 0 0 0 0 0 0 0 0 0 0 0 0 0 0 0 0 0 0 0 0 0 0 0 1 0 0 0 0 0 0 0 0 0 0 0 0 0 0 0 0 0 0 0 0 0 
0 0 0 0 0 0 0 0 0 0 0 0 0 0 0 0 0 0 0 0 0 0 0 0 0 0 0 0 1 0 0 0 0 0 0 0 0 0 0 0 0 0 0 0 0 0 0 
0 0 0 0 0 0 0 0 0 0 0 0 0 0 0 0 0 0 0 0 0 0 0 0 0 0 0 0 0 1 0 0 0 0 0 0 0 0 0 0 0 0 0 0 0 0 0 
applying initial correction factors:
origin is 0

all rings:
ring[N]: [0, 1, 3, 4, 8, ]
ring[N]: [0, 1, 3, 4, 8, ]
ring[N]: [0, 1, 3, 4, 8, ]
ring[N]: [0, 1, 3, 4, 8, ]
ring[N]: [0, 1, 3, 4, 8, ]
ring[N]: [0, 1, 3, 4, 8, ]
ring[N]: [0, 1, 3, 4, 8, ]
ring[N]: [0, 1, 3, 4, 8, ]
ring[Y]: [0, 1, 3, 4, 8, ]
ring[Y]: [0, 1, 3, 4, 8, ]
ring[N]: [2, 6, 7, 11, 12, ]
ring[N]: [2, 6, 7, 11, 12, ]
ring[N]: [2, 6, 7, 11, 12, ]
ring[N]: [2, 6, 7, 11, 12, ]
ring[N]: [2, 6, 7, 11, 12, ]
ring[N]: [2, 6, 7, 11, 12, ]
ring[N]: [2, 6, 7, 11, 12, ]
ring[N]: [2, 6, 7, 11, 12, ]
ring[N]: [2, 6, 7, 11, 12, ]
ring[N]: [2, 6, 7, 11, 12, ]
ring[Y]: [1, 4, 5, 9, 10, 14, ]
ring[Y]: [1, 4, 5, 9, 10, 14, ]
ring[Y]: [1, 4, 5, 9, 10, 14, ]
ring[Y]: [1, 4, 5, 9, 10, 14, ]
ring[Y]: [1, 4, 5, 9, 10, 14, ]
ring[Y]: [1, 4, 5, 9, 10, 14, ]
ring[Y]: [1, 4, 5, 9, 10, 14, ]
ring[Y]: [1, 4, 5, 9, 10, 14, ]
ring[Y]: [1, 4, 5, 9, 10, 14, ]
ring[Y]: [1, 4, 5, 9, 10, 14, ]
ring[Y]: [1, 4, 5, 9, 10, 14, ]
ring[Y]: [1, 4, 5, 9, 10, 14, ]

unique rings:
ring[N]: [0, 1, 3, 4, 8, ]
ring[N]: [2, 6, 7, 11, 12, ]
ring[Y]: [1, 4, 5, 9, 10, 14, ]
testing ring[Y]: [1, 4, 5, 9, 10, 14, ]
against ring[N]: [0, 1, 3, 4, 8, ] -> intersection is [1, 4, ]
against ring[N]: [2, 6, 7, 11, 12, ] -> intersection is []
accepted
testing ring[N]: [2, 6, 7, 11, 12, ]
against ring[N]: [0, 1, 3, 4, 8, ] -> intersection is []
accepted

valid (tagged) rings:
ring[Y]: [1, 4, 5, 9, 10, 14, ]
heteroaromatic: -1.95

ring[N]: [2, 6, 7, 11, 12, ]
heteroaromatic: -1.95

ring[N]: [0, 1, 3, 4, 8, ]
heteroaromatic: -1.95

data/2008/201-202.smol:
DEFAULT: config (0): N/A with E=12.7; []
data/2008/203.smol:
DEFAULT: config (0): N/A with E=32.4; []
data/2008/204.smol:
DEFAULT: config (0): N/A with E=-156; []
data/2008/205-206.smol:
DEFAULT: config (0): N/A with E=8.77; []RING:1: config (0x104050): [-2, -1, -1, ] with E=0.72; []
data/2008/207.smol:
DEFAULT: config (0): N/A with E=5.69; []
data/2008/208.smol:
DEFAULT: config (0): N/A with E=21.9; []
data/2008/301.smol:
DEFAULT: config (0): N/A with E=-254; []
data/2008/302.smol:
DEFAULT: config (0): N/A with E=-205; []
data/2008/303-304.smol:
DEFAULT: config (0): N/A with E=-208; []RING:1: config (0x104a40): [-1, 1, 1, -1, 0, 0, 0, ] with E=-190; []
data/2008/305.smol:
DEFAULT: config (0): N/A with E=-234; []
data/2008/306.smol:
DEFAULT: config (0): N/A with E=-298; []
data/2008/401.smol:
DEFAULT: config (0): N/A with E=-6.25; []
data/2008/402.smol:
DEFAULT: config (0): N/A with E=2.04; []
data/2008/403.smol:
DEFAULT: config (0): N/A with E=5.95; []
data/2008/404-405.409.smol:
DEFAULT: config (0): N/A with E=24.4; []RING:1: config (0x1041c0): [2, -1, -1, -1, ] with E=12.4; []RING:2: config (0x105320): [1, -1, -1, -1, ] with E=22.1; []
data/2008/406-407.smol:
DEFAULT: config (0): N/A with E=10.5; []RING:1: config (0x1053a0): [-2, 0, -1, -1, ] with E=6.18; []
data/2008/408.smol:
DEFAULT: config (0): N/A with E=15.5; []
data/2008/410.smol:
DEFAULT: config (0): N/A with E=61.4; []
data/2008/411.smol:
DEFAULT: config (0): N/A with E=-21.7; []
data/2008/412.smol:
DEFAULT: config (0): N/A with E=-22.7; []
data/2008/413.smol:
DEFAULT: config (0): N/A with E=1.79769e+308; []RING:1: config (0x105390): [1, 0, -1, -1, ] with E=4.37; []
data/2008/414-415.smol:
DEFAULT: config (0): N/A with E=16.1; []RING:1: config (0x105500): [1, -1, -1, ] with E=4.17; []
data/2008/416-417.smol:
DEFAULT: config (0): N/A with E=1.79769e+308; []RING:1: config (0x104d00): [2, -1, -1, -1, ] with E=3.77; []RING:2: config (0x104d20): [1, -2, -1, -2, ] with E=13.5; []RING:3: config (0x104d10): [1, -1, -2, -2, ] with E=13.5; []
data/2008/418.smol:
DEFAULT: config (0): N/A with E=-32.1; []
data/2008/502.smol:
DEFAULT: config (0): N/A with E=-41.5; []
data/2008/503-504.smol:
DEFAULT: config (0): N/A with E=-23.2; []RING:1: config (0x1051c0): [1, -1, -1, ] with E=-36.6; []
data/2008/505-506.smol:
DEFAULT: config (0): N/A with E=-28.4; []RING:1: config (0x106120): [1, 0, -1, -1, ] with E=-30.1; []
data/2008/507.smol:
DEFAULT: config (0): N/A with E=30.4; []
data/2008/508.smol:
DEFAULT: config (0): N/A with E=83.1; []
data/2008/509-510.smol:
DEFAULT: config (0): N/A with E=-75.3; []RING:1: config (0x106490): [1, 0, 1, -1, -1, ] with E=-71; []
data/2008/601-602.605.smol:
AROMATIC:1: config (0x1065f0): [1, 0, -1, -1, ] with E=8.46; []DEFAULT: config (0): N/A with E=12.8; []RING:2: config (0x106610): [1, 0, -1, -1, ] with E=4.93; [AROMATIC, ]
data/2008/603.606-608.610-611.smol:
AROMATIC:1: config (0x106780): [2, -1, -1, -1, ] with E=-0.0245; []AROMATIC:3: config (0x106720): [1, -2, -2, -1, ] with E=6.95; []AROMATIC:4: config (0x106740): [1, -2, -1, -2, ] with E=6.95; []DEFAULT: config (0): N/A with E=15.7; []RING:2: config (0x106730): [2, -1, -1, -1, ] with E=16.7; [AROMATIC, ]RING:5: config (0x106760): [1, -2, -2, -1, ] with E=32.1; []RING:6: config (0x106750): [1, -2, -1, -2, ] with E=32.1; []RING:7: config (0x106880): [1, -1, -2, -2, ] with E=11.7; [AROMATIC, ]
data/2008/604.smol:
DEFAULT: config (0): N/A with E=6.87; []
data/2008/612.smol:
DEFAULT: config (0): N/A with E=60.7; []
data/2008/613.smol:
DEFAULT: config (0): N/A with E=41.6; []
data/2008/701.smol:
DEFAULT: config (0): N/A with E=-3.65; []
data/2008/702-703.smol:
DEFAULT: config (0): N/A with E=1.62; []RING:1: config (0x103ff0): [1, 0, 0, -1, -1, ] with E=3.18; []
data/2008/704-706.smol:
DEFAULT: config (0): N/A with E=5.08; []RING:1: config (0x1056d0): [2, 0, -1, -1, -1, ] with E=2.6; []RING:2: config (0x104240): [1, 0, -1, -1, -1, ] with E=4.84; []
data/2008/707-709.smol:
DEFAULT: config (0): N/A with E=7.12; []RING:1: config (0x1062b0): [2, -1, -1, -1, -1, ] with E=-3.89; []RING:2: config (0x1055a0): [1, -1, -1, -1, -1, ] with E=7.17; []
data/2008/occc.smol:
DEFAULT: config (0): N/A with E=-1.55; []
correction occc.smol 0
M0 for occc.smol:
0 0 0 0 0 0 1 0 0 0 0 0 0 1 0 0 0 1 1 0 0 0 0 0 0 0 0 0 0 0 0 0 0 0 0 0 0 0 0 0 0 0 0 0 0 0 0 
0 0 1 0 0 0 0 1 0 0 0 1 1 0 0 0 1 0 0 0 0 0 0 0 0 0 0 0 0 0 0 0 0 0 0 0 0 0 0 0 0 0 0 0 0 0 0 
0 0 0 0 1 0 0 1 0 0 0 1 1 0 0 0 0 0 0 0 0 0 0 0 0 0 0 0 0 0 0 0 0 0 0 0 0 0 0 0 0 0 0 0 0 0 0 
0 1 1 0 1 0 0 1 0 1 0 1 1 0 0 0 1 0 0 0 0 0 0 0 0 0 0 0 0 0 0 0 0 0 0 0 0 0 0 0 0 0 0 0 0 0 0 
generating tree...done
generating primes...done

408 primes to test
all matches:
processed matches:
data/2008/occo.smol:
DEFAULT: config (0): N/A with E=2.46; []
correction occo.smol 0
M0 for occo.smol:
0 0 0 0 0 0 1 0 0 0 0 0 0 1 0 0 0 1 1 0 0 0 0 0 0 0 0 0 0 0 0 0 0 0 0 0 0 0 0 0 0 0 0 0 0 0 0 
0 0 1 0 0 0 0 1 0 0 0 1 1 0 0 0 1 0 0 0 0 0 0 0 0 0 0 0 0 0 0 0 0 0 0 0 0 0 0 0 0 0 0 0 0 0 0 
0 0 1 0 0 0 0 1 0 0 0 1 1 0 0 0 1 0 0 0 0 0 0 0 0 0 0 0 0 0 0 0 0 0 0 0 0 0 0 0 0 0 0 0 0 0 0 
0 0 0 0 0 0 1 0 0 0 0 0 0 1 0 0 0 1 1 0 0 0 0 0 0 0 0 0 0 0 0 0 0 0 0 0 0 0 0 0 0 0 0 0 0 0 0 
generating tree...done
generating primes...done

240 primes to test
all matches:
processed matches:
data/2008/occn.smol:
DEFAULT: config (0): N/A with E=-3.02; []
correction occn.smol 0
M0 for occn.smol:
0 0 0 0 0 0 1 0 0 0 0 0 0 1 0 0 0 1 1 0 0 0 0 0 0 0 0 0 0 0 0 0 0 0 0 0 0 0 0 0 0 0 0 0 0 0 0 
0 0 1 0 0 0 0 1 0 0 0 1 1 0 0 0 1 0 0 0 0 0 0 0 0 0 0 0 0 0 0 0 0 0 0 0 0 0 0 0 0 0 0 0 0 0 0 
0 1 1 0 1 0 0 0 0 1 0 0 0 0 0 0 0 0 0 0 0 0 0 0 0 0 0 0 0 0 0 0 0 0 0 0 0 0 0 0 0 0 0 0 0 0 0 
1 0 0 0 0 1 0 0 1 0 0 0 0 0 1 1 0 0 0 0 0 0 0 0 0 0 0 0 0 0 0 0 0 0 0 0 0 0 0 0 0 0 0 0 0 0 0 
generating tree...done
generating primes...done

380 primes to test
all matches:
processed matches:
data/2008/cccn.smol:
DEFAULT: config (0): N/A with E=-5.29; []
correction cccn.smol 0
M0 for cccn.smol:
0 1 1 0 1 0 0 1 0 1 0 1 1 0 0 0 1 0 0 0 0 0 0 0 0 0 0 0 0 0 0 0 0 0 0 0 0 0 0 0 0 0 0 0 0 0 0 
0 0 0 0 1 0 0 1 0 0 0 1 1 0 0 0 0 0 0 0 0 0 0 0 0 0 0 0 0 0 0 0 0 0 0 0 0 0 0 0 0 0 0 0 0 0 0 
0 1 1 0 1 0 0 0 0 1 0 0 0 0 0 0 0 0 0 0 0 0 0 0 0 0 0 0 0 0 0 0 0 0 0 0 0 0 0 0 0 0 0 0 0 0 0 
1 0 0 0 0 1 0 0 1 0 0 0 0 0 1 1 0 0 0 0 0 0 0 0 0 0 0 0 0 0 0 0 0 0 0 0 0 0 0 0 0 0 0 0 0 0 0 
generating tree...done
generating primes...done

450 primes to test
all matches:
0 (E=-5.29): [1, 4, 9, 14, ]/[1, 4, 9, 14, ]
processed matches:
0 (E=-5.29): [1, 4, 9, 14, ]/[1, 4, 9, 14, ]
applying -5.29 correction
data/2008/cccc.smol:
DEFAULT: config (0): N/A with E=-4.82; []
correction cccc.smol 0
M0 for cccc.smol:
0 1 1 0 1 0 0 1 0 1 0 1 1 0 0 0 1 0 0 0 0 0 0 0 0 0 0 0 0 0 0 0 0 0 0 0 0 0 0 0 0 0 0 0 0 0 0 
0 0 0 0 1 0 0 1 0 0 0 1 1 0 0 0 0 0 0 0 0 0 0 0 0 0 0 0 0 0 0 0 0 0 0 0 0 0 0 0 0 0 0 0 0 0 0 
0 0 0 0 1 0 0 1 0 0 0 1 1 0 0 0 0 0 0 0 0 0 0 0 0 0 0 0 0 0 0 0 0 0 0 0 0 0 0 0 0 0 0 0 0 0 0 
0 1 1 0 1 0 0 1 0 1 0 1 1 0 0 0 1 0 0 0 0 0 0 0 0 0 0 0 0 0 0 0 0 0 0 0 0 0 0 0 0 0 0 0 0 0 0 
generating tree...done
generating primes...done

360 primes to test
all matches:
processed matches:
data/2008/ordinal_carbon.smol:
DEFAULT: config (0): N/A with E=1.79769e+308; []
modifier ordinal_carbon.smol 0
M0 for ordinal_carbon.smol:
0 1 1 0 1 0 0 1 0 1 0 1 1 0 0 0 1 0 0 0 0 0 0 0 0 0 0 0 0 0 0 0 0 0 0 0 0 0 0 0 0 0 0 0 0 0 0 
0 1 1 0 1 0 0 1 0 1 0 1 1 0 0 0 1 0 0 0 0 0 0 0 0 0 0 0 0 0 0 0 0 0 0 0 0 0 0 0 0 0 0 0 0 0 0 
generating tree...done
generating primes...done

56 primes to test
all matches:
0 (E=N/A): [2, 7, ]/[7, 2, ]
0 (E=N/A): [2, 7, ]/[2, 7, ]
0 (E=N/A): [4, 9, ]/[9, 4, ]
0 (E=N/A): [4, 9, ]/[4, 9, ]
0 (E=N/A): [7, 12, ]/[12, 7, ]
0 (E=N/A): [7, 12, ]/[7, 12, ]
0 (E=N/A): [11, 12, ]/[12, 11, ]
0 (E=N/A): [11, 12, ]/[11, 12, ]
0 (E=N/A): [11, 16, ]/[16, 11, ]
0 (E=N/A): [11, 16, ]/[11, 16, ]
processed matches:
0 (E=N/A): [2, 7, ]/[7, 2, ]
0 (E=N/A): [4, 9, ]/[9, 4, ]
0 (E=N/A): [7, 12, ]/[12, 7, ]
0 (E=N/A): [11, 12, ]/[12, 11, ]
0 (E=N/A): [11, 16, ]/[16, 11, ]

moldata:
306.smol (1): [-1, 6, 8, 15, 8, -1, 8, 8, 8, 1, ] ([6, 8, 15, 8, 8, 8, 8, 1, ])
203.smol (1): [16, 8, 1, -1, ] ([16, 8, 1, ])
613.smol (1): [6, -1, -1, ] ([6, ])
508.smol (2): [6, 8, 8, 1, -1, ] ([6, 8, 8, 1, ])
509-510.smol (2): [6, 8, 8, -1, -1, ] ([6, 8, 8, ])
301.smol (3): [8, 8, 8, 15, 8, 1, 1, -1, ] ([8, 8, 8, 15, 8, 1, 1, ])
416-417.smol (3): [7, -1, -1, -1, ] ([7, ])
208.smol (3): [16, -1, -1, -1, ] ([16, ])
204.smol (4): [-1, 8, 16, 8, 1, 8, 1, 8, ] ([8, 16, 8, 1, 8, 1, 8, ])
302.smol (4): [-1, 8, 15, 8, 8, ] ([8, 15, 8, 8, ])
403.smol (4): [7, 1, 1, -1, -1, ] ([7, 1, 1, ])
507.smol (5): [6, 8, 1, -1, ] ([6, 8, 1, ])
303-304.smol (6): [-1, 8, 15, -1, 8, 8, 1, ] ([8, 15, 8, 8, 1, ])
701.smol (6): [6, 1, 1, 1, -1, ] ([6, 1, 1, 1, ])
505-506.smol (6): [6, 8, -1, -1, ] ([6, 8, ])
406-407.smol (6): [7, 1, -1, -1, ] ([7, 1, ])
201-202.smol (6): [16, 1, -1, ] ([16, 1, ])
305.smol (7): [15, 8, 8, 8, 1, 8, -1, -1, ] ([15, 8, 8, 8, 1, 8, ])
702-703.smol (7): [6, 1, 1, -1, -1, ] ([6, 1, 1, ])
207.smol (7): [16, 16, -1, -1, ] ([16, 16, ])
603.606-608.610-611.smol (7): [6, -1, -1, -1, ] ([6, ])
704-706.smol (8): [6, 1, -1, -1, -1, ] ([6, 1, ])
413.smol (8): [7, 1, -1, -1, ] ([7, 1, ])
502.smol (8): [8, 1, -1, ] ([8, 1, ])
205-206.smol (8): [16, -1, -1, ] ([16, ])
707-709.smol (9): [6, -1, -1, -1, -1, ] ([6, ])
412.smol (10): [-1, 7, 1, 1, ] ([7, 1, 1, ])
612.smol (10): [6, 1, -1, ] ([6, 1, ])
503-504.smol (10): [8, -1, -1, ] ([8, ])
601-602.605.smol (11): [6, 1, -1, -1, ] ([6, 1, ])
411.smol (11): [-1, 7, 1, ] ([7, 1, ])
401.smol (12): [7, 1, 1, 1, -1, ] ([7, 1, 1, 1, ])
604.smol (12): [6, 1, 1, -1, ] ([6, 1, 1, ])
402.smol (13): [7, 1, 1, -1, ] ([7, 1, 1, ])
418.smol (14): [7, -1, ] ([7, ])
408.smol (15): [7, 1, -1, -1, -1, ] ([7, 1, ])
404-405.409.smol (16): [7, -1, -1, -1, ] ([7, ])
414-415.smol (17): [7, -1, -1, ] ([7, ])
410.smol (18): [7, -1, -1, -1, -1, ] ([7, ])

tags:
0:
RING: 1
1:
AROMATIC: 1
RING: 2
2:
ORDINAL_CARBON: 1
RING: 1
3:
RING: 1
4:
AROMATIC: 1
ORDINAL_CARBON: 1
RING: 2
5:
AROMATIC: 1
RING: 1
6:
RING: 1
7:
ORDINAL_CARBON: 2
RING: 1
8:
RING: 1
9:
AROMATIC: 1
ORDINAL_CARBON: 1
RING: 1
10:
AROMATIC: 1
RING: 1
11:
ORDINAL_CARBON: 2
RING: 1
12:
ORDINAL_CARBON: 2
RING: 1
13:
14:
AROMATIC: 1
RING: 1
15:
16:
ORDINAL_CARBON: 1
17:
18:
19:
20:
21:
22:
23:
24:
25:
26:
27:
28:
29:
30:
31:
32:
33:
34:
35:
36:
37:
38:
39:
40:
41:
42:
43:
44:
45:
46:
M0 for 306.smol:
1 1 1 0 1 1 1 1 1 1 0 1 1 1 1 1 1 1 1 0 0 0 0 0 0 0 0 0 0 0 0 1 1 1 1 1 1 0 0 0 1 1 0 0 0 0 0 
0 0 0 0 0 0 0 0 0 0 0 0 0 0 0 0 0 0 0 0 0 0 0 0 0 0 0 0 0 0 0 0 0 0 0 0 0 0 0 0 0 0 0 0 0 0 0 
0 0 0 0 0 0 0 0 0 0 0 0 0 0 0 0 0 0 1 0 0 0 0 0 0 0 0 0 0 0 0 0 0 0 0 0 0 0 0 0 0 0 0 0 0 0 0 
0 0 0 0 0 0 0 0 0 0 0 0 0 0 0 0 0 0 0 1 0 0 0 1 0 0 0 1 0 0 0 0 0 0 0 0 0 0 0 0 0 0 0 0 0 0 0 
0 0 0 0 0 0 0 0 0 0 0 0 0 0 0 0 0 0 1 0 1 1 0 0 1 1 0 0 1 1 0 0 0 0 0 0 0 0 0 0 0 0 0 0 0 0 0 
0 0 1 0 0 0 0 1 0 0 0 1 1 0 0 0 1 0 0 1 0 0 0 1 0 0 0 1 0 0 0 0 0 0 0 0 0 1 0 0 0 0 1 1 1 1 1 
0 0 0 0 0 0 1 0 0 0 0 0 0 1 0 0 0 1 1 0 0 0 0 0 0 0 0 0 0 0 0 0 0 0 0 0 0 0 0 0 0 0 0 0 0 0 0 
0 0 0 0 0 0 0 0 0 0 0 0 0 0 0 0 0 0 1 0 1 1 1 0 1 1 1 0 1 1 1 0 0 0 0 0 0 0 0 0 0 0 0 0 0 0 0 
0 0 0 0 0 0 0 0 0 0 0 0 0 0 0 0 0 0 0 0 0 1 0 0 0 1 0 0 1 1 0 0 0 0 0 0 0 0 0 0 0 0 0 0 0 0 0 
0 0 0 0 0 0 0 0 0 0 0 0 0 0 0 0 0 0 0 0 0 0 0 0 0 0 0 0 0 0 0 0 0 0 0 0 0 1 0 0 0 0 1 1 1 1 1 
generating tree...done
generating primes...done

0 primes to test
matches:

unique matches:

M0 for 203.smol:
0 0 0 0 0 0 0 0 0 0 0 0 0 0 0 0 0 0 0 0 0 0 0 0 0 0 0 0 0 0 0 0 0 0 0 0 0 0 0 0 0 0 0 0 0 0 0 
0 0 0 0 0 0 0 0 0 0 0 0 0 0 0 0 0 0 0 0 0 0 0 0 0 0 0 0 0 0 0 0 0 0 0 0 0 0 0 0 0 0 0 0 0 0 0 
0 0 0 0 0 0 0 0 0 0 0 0 0 0 0 0 0 0 0 0 0 0 0 0 0 0 0 0 0 0 0 0 0 0 0 0 0 1 0 0 0 0 1 1 1 1 1 
0 0 0 0 0 0 0 0 0 0 0 0 0 0 0 0 0 0 0 0 0 0 0 0 0 0 0 0 0 0 0 0 0 0 0 0 0 0 0 0 0 0 0 0 0 0 0 
generating tree...done
generating primes...done

0 primes to test
matches:

unique matches:

M0 for 613.smol:
0 1 1 1 1 0 0 1 0 1 1 1 1 0 0 0 1 0 0 0 0 0 0 0 0 0 0 0 0 0 0 0 0 0 0 0 0 0 0 0 0 0 0 0 0 0 0 
1 1 1 0 1 1 1 1 1 1 0 1 1 1 1 1 1 1 1 0 0 0 0 0 0 0 0 0 0 0 0 1 1 1 1 1 1 0 0 0 1 1 0 0 0 0 0 
1 1 1 0 1 1 1 1 1 1 0 1 1 1 1 1 1 1 1 0 0 0 0 0 0 0 0 0 0 0 0 1 1 1 1 1 1 0 0 0 1 1 0 0 0 0 0 
generating tree...done
generating primes...done

5616 primes to test
matches:

unique matches:

M0 for 508.smol:
0 0 0 0 0 0 0 0 0 0 0 0 0 0 0 0 0 0 0 0 0 0 0 0 0 0 0 0 0 0 0 0 0 0 0 0 0 0 0 0 0 0 0 0 0 0 0 
0 0 0 0 0 0 0 0 0 0 0 0 0 1 0 0 0 1 0 0 0 0 0 0 0 0 0 0 0 0 0 0 0 0 0 0 0 0 0 0 0 0 0 0 0 0 0 
0 0 0 0 0 0 1 0 0 0 0 0 0 1 0 0 0 1 1 0 0 0 0 0 0 0 0 0 0 0 0 0 0 0 0 0 0 0 0 0 0 0 0 0 0 0 0 
0 0 0 0 0 0 0 0 0 0 0 0 0 0 0 0 0 0 0 0 0 0 0 0 0 0 0 0 0 0 0 0 0 0 0 0 0 1 0 0 0 0 1 1 1 1 1 
1 1 1 0 1 1 1 1 1 1 0 1 1 1 1 1 1 1 1 0 0 0 0 0 0 0 0 0 0 0 0 1 1 1 1 1 1 0 0 0 1 1 0 0 0 0 0 
generating tree...done
generating primes...done

0 primes to test
matches:

unique matches:

M0 for 509-510.smol:
0 0 0 0 0 0 0 0 0 0 0 0 0 0 0 0 0 0 0 0 0 0 0 0 0 0 0 0 0 0 0 0 0 0 0 0 0 0 0 0 0 0 0 0 0 0 0 
0 0 0 0 0 0 1 0 0 0 0 0 0 1 0 0 0 1 1 0 0 0 0 0 0 0 0 0 0 0 0 0 0 0 0 0 0 0 0 0 0 0 0 0 0 0 0 
0 0 0 0 0 0 1 0 0 0 0 0 0 1 0 0 0 1 1 0 0 0 0 0 0 0 0 0 0 0 0 0 0 0 0 0 0 0 0 0 0 0 0 0 0 0 0 
1 1 1 0 1 1 1 1 1 1 0 1 1 1 1 1 1 1 1 0 0 0 0 0 0 0 0 0 0 0 0 1 1 1 1 1 1 0 0 0 1 1 0 0 0 0 0 
0 0 1 0 0 0 0 1 0 0 0 1 1 0 0 0 1 0 0 1 0 0 0 1 0 0 0 1 0 0 0 0 0 0 0 0 0 1 0 0 0 0 1 1 1 1 1 
generating tree...done
generating primes...done

0 primes to test
matches:

unique matches:

M0 for 301.smol:
0 0 0 0 0 0 0 0 0 0 0 0 0 0 0 0 0 0 0 0 0 1 0 0 0 1 0 0 1 1 0 0 0 0 0 0 0 0 0 0 0 0 0 0 0 0 0 
0 0 0 0 0 0 0 0 0 0 0 0 0 0 0 0 0 0 0 0 0 1 0 0 0 1 0 0 1 1 0 0 0 0 0 0 0 0 0 0 0 0 0 0 0 0 0 
0 0 0 0 0 0 0 0 0 0 0 0 0 0 0 0 0 0 1 0 1 1 1 0 1 1 1 0 1 1 1 0 0 0 0 0 0 0 0 0 0 0 0 0 0 0 0 
0 0 0 0 0 0 0 0 0 0 0 0 0 0 0 0 0 0 0 1 0 0 0 1 0 0 0 1 0 0 0 0 0 0 0 0 0 0 0 0 0 0 0 0 0 0 0 
0 0 0 0 0 0 0 0 0 0 0 0 0 0 0 0 0 0 1 0 1 1 0 0 1 1 0 0 1 1 0 0 0 0 0 0 0 0 0 0 0 0 0 0 0 0 0 
0 0 0 0 0 0 0 0 0 0 0 0 0 0 0 0 0 0 0 0 0 0 0 0 0 0 0 0 0 0 0 0 0 0 0 0 0 1 0 0 0 0 1 1 1 1 1 
0 0 0 0 0 0 0 0 0 0 0 0 0 0 0 0 0 0 0 0 0 0 0 0 0 0 0 0 0 0 0 0 0 0 0 0 0 1 0 0 0 0 1 1 1 1 1 
0 0 1 0 0 0 0 1 0 0 0 1 1 0 0 0 1 0 0 1 0 0 0 1 0 0 0 1 0 0 0 0 0 0 0 0 0 1 0 0 0 0 1 1 1 1 1 
generating tree...done
generating primes...done

415800 primes to test
matches:
3 (E=-254): [24, 27, 28, 29, 30, 45, 46, ]/[29, 28, 30, 27, 24, 46, 45, 23, ]
3 (E=-254): [24, 27, 28, 29, 30, 45, 46, ]/[28, 29, 30, 27, 24, 45, 46, 23, ]

unique matches:
3 (E=-254): [24, 27, 28, 29, 30, 45, 46, ]/[29, 28, 30, 27, 24, 46, 45, 23, ]

M0 for 416-417.smol:
1 0 0 0 0 0 0 0 0 0 0 0 0 0 0 1 0 0 0 0 0 0 0 0 0 0 0 0 0 0 0 0 0 0 0 0 0 0 0 0 0 0 0 0 0 0 0 
0 1 1 1 1 0 0 0 0 1 1 0 0 0 0 0 0 0 0 0 0 0 0 0 0 0 0 0 0 0 0 0 0 0 0 0 0 0 1 1 0 0 0 0 0 0 0 
0 1 1 1 1 0 0 0 0 1 1 0 0 0 0 0 0 0 0 0 0 0 0 0 0 0 0 0 0 0 0 0 0 0 0 0 0 0 1 1 0 0 0 0 0 0 0 
0 1 1 1 1 0 0 0 0 1 1 0 0 0 0 0 0 0 0 0 0 0 0 0 0 0 0 0 0 0 0 0 0 0 0 0 0 0 1 1 0 0 0 0 0 0 0 
generating tree...done
generating primes...done

672 primes to test
matches:

unique matches:

M0 for 208.smol:
0 0 0 0 0 0 0 0 0 0 0 0 0 0 0 0 0 0 0 0 0 0 0 0 0 0 0 0 0 0 0 0 0 0 0 0 0 0 0 0 0 0 0 0 0 0 0 
0 0 0 0 0 0 0 0 0 0 0 0 0 0 0 0 0 0 0 0 0 0 0 0 0 0 0 0 0 0 0 0 0 0 0 0 0 0 0 0 0 0 0 0 0 0 0 
0 0 0 0 0 0 0 0 0 0 0 0 0 0 0 0 0 0 0 0 0 0 0 0 0 0 0 0 0 0 0 0 0 0 0 0 0 0 0 0 0 0 0 0 0 0 0 
0 0 0 0 0 0 0 0 0 0 0 0 0 0 0 0 0 0 0 0 0 0 0 0 0 0 0 0 0 0 0 0 0 0 0 0 0 0 0 0 0 0 0 0 0 0 0 
generating tree...done
generating primes...done

0 primes to test
matches:

unique matches:

M0 for 204.smol:
0 0 1 0 0 0 0 1 0 0 0 1 1 0 0 0 1 0 0 1 0 0 0 1 0 0 0 1 0 0 0 0 0 0 0 0 0 1 0 0 0 0 1 1 1 1 1 
0 0 0 0 0 0 0 0 0 0 0 0 0 0 0 0 0 0 0 0 0 0 0 0 0 0 0 0 0 0 0 0 0 0 0 0 0 0 0 0 0 0 0 0 0 0 0 
0 0 0 0 0 0 0 0 0 0 0 0 0 0 0 0 0 0 0 0 0 0 0 0 0 0 0 0 0 0 0 0 0 0 0 0 0 0 0 0 0 0 0 0 0 0 0 
0 0 0 0 0 0 0 0 0 0 0 0 0 0 0 0 0 0 0 0 0 0 0 0 0 0 0 0 0 0 0 0 0 0 0 0 0 0 0 0 0 0 0 0 0 0 0 
0 0 0 0 0 0 0 0 0 0 0 0 0 0 0 0 0 0 0 0 0 0 0 0 0 0 0 0 0 0 0 0 0 0 0 0 0 1 0 0 0 0 1 1 1 0 0 
0 0 0 0 0 0 0 0 0 0 0 0 0 0 0 0 0 0 0 0 0 0 0 0 0 0 0 0 0 0 0 0 0 0 0 0 0 0 0 0 0 0 0 0 0 0 0 
0 0 0 0 0 0 0 0 0 0 0 0 0 0 0 0 0 0 0 0 0 0 0 0 0 0 0 0 0 0 0 0 0 0 0 0 0 1 0 0 0 0 1 1 1 0 0 
0 0 0 0 0 0 0 0 0 0 0 0 0 0 0 0 0 0 0 0 0 0 0 0 0 0 0 0 0 0 0 0 0 0 0 0 0 0 0 0 0 0 0 0 0 0 0 
generating tree...done
generating primes...done

0 primes to test
matches:

unique matches:

M0 for 302.smol:
0 0 1 0 0 0 0 1 0 0 0 1 1 0 0 0 1 0 0 1 0 0 0 1 0 0 0 1 0 0 0 0 0 0 0 0 0 1 0 0 0 0 1 1 1 1 1 
0 0 0 0 0 0 0 0 0 0 0 0 0 0 0 0 0 0 1 0 1 1 0 0 0 1 0 0 0 0 0 0 0 0 0 0 0 0 0 0 0 0 0 0 0 0 0 
0 0 0 0 0 0 0 0 0 0 0 0 0 0 0 0 0 0 0 1 0 0 0 1 0 0 0 0 0 0 0 0 0 0 0 0 0 0 0 0 0 0 0 0 0 0 0 
0 0 0 0 0 0 0 0 0 0 0 0 0 0 0 0 0 0 1 0 1 1 1 0 0 1 1 0 0 0 0 0 0 0 0 0 0 0 0 0 0 0 0 0 0 0 0 
0 0 0 0 0 0 0 0 0 0 0 0 0 0 0 0 0 0 1 0 1 1 1 0 0 1 1 0 0 0 0 0 0 0 0 0 0 0 0 0 0 0 0 0 0 0 0 
generating tree...done
generating primes...done

2080 primes to test
matches:

unique matches:

M0 for 403.smol:
0 0 0 0 0 0 0 0 0 0 0 0 0 0 0 0 0 0 0 0 0 0 0 0 0 0 0 0 0 0 0 0 0 0 0 0 0 0 0 0 0 0 0 0 0 0 0 
0 0 0 0 0 0 0 0 0 0 0 0 0 0 0 0 0 0 0 0 0 0 0 0 0 0 0 0 0 0 0 0 0 0 0 0 0 0 1 1 0 0 0 0 0 0 0 
0 0 0 0 0 0 0 0 0 0 0 0 0 0 0 0 0 0 0 0 0 0 0 0 0 0 0 0 0 0 0 0 0 0 0 0 0 0 1 1 0 0 0 0 0 0 0 
0 1 1 1 1 0 0 0 0 1 1 0 0 0 0 0 0 0 0 0 0 0 0 0 0 0 0 0 0 0 0 0 0 0 0 0 0 0 1 1 0 0 0 0 0 0 0 
0 1 1 1 1 0 0 0 0 1 1 0 0 0 0 0 0 0 0 0 0 0 0 0 0 0 0 0 0 0 0 0 0 0 0 0 0 0 1 1 0 0 0 0 0 0 0 
generating tree...done
generating primes...done

0 primes to test
matches:

unique matches:

M0 for 507.smol:
0 0 1 0 0 0 0 1 0 0 0 1 1 0 0 0 1 0 0 0 0 0 0 0 0 0 0 0 0 0 0 0 0 0 0 0 0 0 0 0 0 0 0 0 0 0 0 
0 0 0 0 0 0 1 0 0 0 0 0 0 1 0 0 0 1 1 0 0 0 0 0 0 0 0 0 0 0 0 0 0 0 0 0 0 0 0 0 0 0 0 0 0 0 0 
0 0 0 0 0 0 0 0 0 0 0 0 0 0 0 0 0 0 0 0 0 0 0 0 0 0 0 0 0 0 0 1 1 1 1 1 1 0 0 0 1 1 0 0 0 0 0 
1 1 1 0 1 1 1 1 1 1 0 1 1 1 1 1 1 1 1 0 0 0 0 0 0 0 0 0 0 0 0 1 1 1 1 1 1 0 0 0 1 1 0 0 0 0 0 
generating tree...done
generating primes...done

3520 primes to test
matches:

unique matches:

M0 for 303-304.smol:
0 0 1 0 0 0 0 1 0 0 0 1 1 0 0 0 1 0 0 1 0 0 0 1 0 0 0 1 0 0 0 0 0 0 0 0 0 1 0 0 0 0 1 1 1 1 1 
0 0 0 0 0 0 0 0 0 0 0 0 0 0 0 0 0 0 1 0 1 1 0 0 0 1 0 0 0 0 0 0 0 0 0 0 0 0 0 0 0 0 0 0 0 0 0 
0 0 0 0 0 0 0 0 0 0 0 0 0 0 0 0 0 0 0 1 0 0 0 1 0 0 0 0 0 0 0 0 0 0 0 0 0 0 0 0 0 0 0 0 0 0 0 
0 0 0 0 0 0 0 0 0 0 0 0 0 0 0 0 0 0 1 0 1 1 1 0 1 1 1 0 1 1 1 0 0 0 0 0 0 0 0 0 0 0 0 0 0 0 0 
0 0 0 0 0 0 0 0 0 0 0 0 0 0 0 0 0 0 1 0 1 1 1 0 0 1 1 0 0 0 0 0 0 0 0 0 0 0 0 0 0 0 0 0 0 0 0 
0 0 0 0 0 0 0 0 0 0 0 0 0 0 0 0 0 0 0 0 0 1 0 0 0 1 0 0 0 0 0 0 0 0 0 0 0 0 0 0 0 0 0 0 0 0 0 
0 0 0 0 0 0 0 0 0 0 0 0 0 0 0 0 0 0 0 0 0 0 0 0 0 0 0 0 0 0 0 0 0 0 0 0 0 1 0 0 0 0 1 1 1 0 0 
generating tree...done
generating primes...done

16128 primes to test
matches:
6 (E=-208): [18, 19, 21, 22, 43, ]/[16, 18, 19, 20, 22, 21, 43, ]
6 (E=-208): [19, 20, 21, 22, 43, ]/[23, 20, 19, 18, 22, 21, 43, ]
6 (E=-208): [20, 23, 25, 26, 44, ]/[19, 20, 23, 24, 26, 25, 44, ]

unique matches:
6 (E=-208): [18, 19, 21, 22, 43, ]/[16, 18, 19, 20, 22, 21, 43, ]
6 (E=-208): [19, 20, 21, 22, 43, ]/[23, 20, 19, 18, 22, 21, 43, ]
6 (E=-208): [20, 23, 25, 26, 44, ]/[19, 20, 23, 24, 26, 25, 44, ]

M0 for 701.smol:
0 0 0 0 0 0 0 0 0 0 0 0 0 0 0 0 0 0 0 0 0 0 0 0 0 0 0 0 0 0 0 0 0 0 0 0 0 0 0 0 0 0 0 0 0 0 0 
0 0 0 0 0 0 0 0 0 0 0 0 0 0 0 0 0 0 0 0 0 0 0 0 0 0 0 0 0 0 0 1 1 1 1 1 1 0 0 0 1 1 0 0 0 0 0 
0 0 0 0 0 0 0 0 0 0 0 0 0 0 0 0 0 0 0 0 0 0 0 0 0 0 0 0 0 0 0 1 1 1 1 1 1 0 0 0 1 1 0 0 0 0 0 
0 0 0 0 0 0 0 0 0 0 0 0 0 0 0 0 0 0 0 0 0 0 0 0 0 0 0 0 0 0 0 1 1 1 1 1 1 0 0 0 1 1 0 0 0 0 0 
1 1 1 0 1 1 1 1 1 1 0 1 1 1 1 1 1 1 1 0 0 0 0 0 0 0 0 0 0 0 0 1 1 1 1 1 1 0 0 0 1 1 0 0 0 0 0 
generating tree...done
generating primes...done

0 primes to test
matches:

unique matches:

M0 for 505-506.smol:
0 0 1 0 0 0 0 1 0 0 0 1 1 0 0 0 1 0 0 0 0 0 0 0 0 0 0 0 0 0 0 0 0 0 0 0 0 0 0 0 0 0 0 0 0 0 0 
0 0 0 0 0 0 1 0 0 0 0 0 0 1 0 0 0 1 0 0 0 0 0 0 0 0 0 0 0 0 0 0 0 0 0 0 0 0 0 0 0 0 0 0 0 0 0 
1 1 1 0 1 1 1 1 1 1 0 1 1 1 1 1 1 1 1 0 0 0 0 0 0 0 0 0 0 0 0 1 1 1 1 1 1 0 0 0 1 1 0 0 0 0 0 
1 1 1 0 1 1 1 1 1 1 0 1 1 1 1 1 1 1 1 0 0 0 0 0 0 0 0 0 0 0 0 1 1 1 1 1 1 0 0 0 1 1 0 0 0 0 0 
generating tree...done
generating primes...done

7590 primes to test
matches:

unique matches:

M0 for 406-407.smol:
0 0 0 0 0 0 0 0 0 0 0 0 0 0 0 1 0 0 0 0 0 0 0 0 0 0 0 0 0 0 0 0 0 0 0 0 0 0 0 0 0 0 0 0 0 0 0 
0 0 0 0 0 0 0 0 0 0 0 0 0 0 0 0 0 0 0 0 0 0 0 0 0 0 0 0 0 0 0 0 0 0 0 0 0 0 1 1 0 0 0 0 0 0 0 
0 1 1 1 1 0 0 0 0 1 1 0 0 0 0 0 0 0 0 0 0 0 0 0 0 0 0 0 0 0 0 0 0 0 0 0 0 0 1 1 0 0 0 0 0 0 0 
0 1 1 1 1 0 0 0 0 1 1 0 0 0 0 0 0 0 0 0 0 0 0 0 0 0 0 0 0 0 0 0 0 0 0 0 0 0 1 1 0 0 0 0 0 0 0 
generating tree...done
generating primes...done

84 primes to test
matches:
6 (E=10.5): [15, 38, ]/[15, 38, 39, 9, ]
6 (E=10.5): [15, 38, ]/[15, 38, 9, 39, ]
6 (E=10.5): [15, 39, ]/[15, 39, 38, 9, ]
6 (E=10.5): [15, 39, ]/[15, 39, 9, 38, ]

unique matches:
6 (E=10.5): [15, 38, ]/[15, 38, 39, 9, ]
6 (E=10.5): [15, 39, ]/[15, 39, 38, 9, ]

M0 for 201-202.smol:
0 0 0 0 0 0 0 0 0 0 0 0 0 0 0 0 0 0 0 0 0 0 0 0 0 0 0 0 0 0 0 0 0 0 0 0 0 0 0 0 0 0 0 0 0 0 0 
0 0 0 0 0 0 0 0 0 0 0 0 0 0 0 0 0 0 0 0 0 0 0 0 0 0 0 0 0 0 0 0 0 0 0 0 0 0 0 0 0 0 0 0 0 0 0 
0 0 0 0 0 0 0 0 0 0 0 0 0 0 0 0 0 0 0 0 0 0 0 0 0 0 0 0 0 0 0 0 0 0 0 0 0 0 0 0 0 0 0 0 0 0 0 
generating tree...done
generating primes...done

0 primes to test
matches:

unique matches:

M0 for 305.smol:
0 0 0 0 0 0 0 0 0 0 0 0 0 0 0 0 0 0 0 0 0 0 0 0 0 0 0 0 0 0 0 0 0 0 0 0 0 0 0 0 0 0 0 0 0 0 0 
0 0 0 0 0 0 0 0 0 0 0 0 0 0 0 0 0 0 0 0 0 0 0 0 0 0 0 0 0 0 0 0 0 0 0 0 0 0 0 0 0 0 0 0 0 0 0 
0 0 0 0 0 0 0 0 0 0 0 0 0 0 0 0 0 0 0 0 0 0 0 0 0 0 0 0 0 0 0 0 0 0 0 0 0 0 0 0 0 0 0 0 0 0 0 
0 0 0 0 0 0 0 0 0 0 0 0 0 0 0 0 0 0 0 0 0 0 0 0 0 0 0 0 0 0 0 0 0 0 0 0 0 0 0 0 0 0 0 0 0 0 0 
0 0 0 0 0 0 0 0 0 0 0 0 0 0 0 0 0 0 0 0 0 0 0 0 0 0 0 0 0 0 0 0 0 0 0 0 0 1 0 0 0 0 1 0 0 0 0 
0 0 0 0 0 0 0 0 0 0 0 0 0 0 0 0 0 0 0 0 0 0 0 0 0 0 0 0 0 0 0 0 0 0 0 0 0 0 0 0 0 0 0 0 0 0 0 
0 0 1 0 0 0 0 1 0 0 0 1 1 0 0 0 1 0 0 1 0 0 0 1 0 0 0 1 0 0 0 0 0 0 0 0 0 1 0 0 0 0 1 1 1 1 1 
0 0 1 0 0 0 0 1 0 0 0 1 1 0 0 0 1 0 0 1 0 0 0 1 0 0 0 1 0 0 0 0 0 0 0 0 0 1 0 0 0 0 1 1 1 1 1 
generating tree...done
generating primes...done

0 primes to test
matches:

unique matches:

M0 for 702-703.smol:
0 0 0 0 0 0 0 0 0 0 0 0 0 0 0 0 1 0 0 0 0 0 0 0 0 0 0 0 0 0 0 0 0 0 0 0 0 0 0 0 0 0 0 0 0 0 0 
0 0 0 0 0 0 0 0 0 0 0 0 0 0 0 0 0 0 0 0 0 0 0 0 0 0 0 0 0 0 0 1 1 1 1 1 1 0 0 0 1 1 0 0 0 0 0 
0 0 0 0 0 0 0 0 0 0 0 0 0 0 0 0 0 0 0 0 0 0 0 0 0 0 0 0 0 0 0 1 1 1 1 1 1 0 0 0 1 1 0 0 0 0 0 
1 1 1 0 1 1 1 1 1 1 0 1 1 1 1 1 1 1 1 0 0 0 0 0 0 0 0 0 0 0 0 1 1 1 1 1 1 0 0 0 1 1 0 0 0 0 0 
1 1 1 0 1 1 1 1 1 1 0 1 1 1 1 1 1 1 1 0 0 0 0 0 0 0 0 0 0 0 0 1 1 1 1 1 1 0 0 0 1 1 0 0 0 0 0 
generating tree...done
generating primes...done

25872 primes to test
matches:
7 (E=1.62): [16, 40, 41, ]/[16, 41, 40, 18, 11, ]
7 (E=1.62): [16, 40, 41, ]/[16, 41, 40, 11, 18, ]
7 (E=1.62): [16, 40, 41, ]/[16, 40, 41, 18, 11, ]
7 (E=1.62): [16, 40, 41, ]/[16, 40, 41, 11, 18, ]

unique matches:
7 (E=1.62): [16, 40, 41, ]/[16, 41, 40, 18, 11, ]

M0 for 207.smol:
0 0 0 0 0 0 0 0 0 0 0 0 0 0 0 0 0 0 0 0 0 0 0 0 0 0 0 0 0 0 0 0 0 0 0 0 0 0 0 0 0 0 0 0 0 0 0 
0 0 0 0 0 0 0 0 0 0 0 0 0 0 0 0 0 0 0 0 0 0 0 0 0 0 0 0 0 0 0 0 0 0 0 0 0 0 0 0 0 0 0 0 0 0 0 
0 0 0 0 0 0 0 0 0 0 0 0 0 0 0 0 0 0 0 0 0 0 0 0 0 0 0 0 0 0 0 0 0 0 0 0 0 0 0 0 0 0 0 0 0 0 0 
0 0 0 0 0 0 0 0 0 0 0 0 0 0 0 0 0 0 0 0 0 0 0 0 0 0 0 0 0 0 0 0 0 0 0 0 0 0 0 0 0 0 0 0 0 0 0 
generating tree...done
generating primes...done

0 primes to test
matches:

unique matches:

M0 for 603.606-608.610-611.smol:
0 1 1 1 1 0 0 1 0 1 1 1 1 0 0 0 0 0 0 0 0 0 0 0 0 0 0 0 0 0 0 0 0 0 0 0 0 0 0 0 0 0 0 0 0 0 0 
1 1 1 0 1 1 1 1 1 1 0 1 1 1 1 1 1 1 1 0 0 0 0 0 0 0 0 0 0 0 0 1 1 1 1 1 1 0 0 0 1 1 0 0 0 0 0 
1 1 1 0 1 1 1 1 1 1 0 1 1 1 1 1 1 1 1 0 0 0 0 0 0 0 0 0 0 0 0 1 1 1 1 1 1 0 0 0 1 1 0 0 0 0 0 
1 1 1 0 1 1 1 1 1 1 0 1 1 1 1 1 1 1 1 0 0 0 0 0 0 0 0 0 0 0 0 1 1 1 1 1 1 0 0 0 1 1 0 0 0 0 0 
generating tree...done
generating primes...done

112608 primes to test
matches:
7 (E=15.7): [1, ]/[1, 4, 5, 0, ]
7 (E=15.7): [1, ]/[1, 4, 0, 5, ]
7 (E=15.7): [3, ]/[3, 8, 32, 0, ]
7 (E=15.7): [3, ]/[3, 8, 0, 32, ]
7 (E=15.7): [4, ]/[4, 1, 9, 8, ]
7 (E=15.7): [4, ]/[4, 1, 8, 9, ]
7 (E=15.7): [9, ]/[9, 14, 15, 4, ]
7 (E=15.7): [9, ]/[9, 14, 4, 15, ]
7 (E=15.7): [10, ]/[10, 5, 34, 14, ]
7 (E=15.7): [10, ]/[10, 5, 14, 34, ]

unique matches:
7 (E=15.7): [1, ]/[1, 4, 5, 0, ]
7 (E=15.7): [3, ]/[3, 8, 32, 0, ]
7 (E=15.7): [4, ]/[4, 1, 9, 8, ]
7 (E=15.7): [9, ]/[9, 14, 15, 4, ]
7 (E=15.7): [10, ]/[10, 5, 34, 14, ]

M0 for 704-706.smol:
0 0 1 0 0 0 0 1 0 0 0 1 1 0 0 0 0 0 0 0 0 0 0 0 0 0 0 0 0 0 0 0 0 0 0 0 0 0 0 0 0 0 0 0 0 0 0 
0 0 0 0 0 0 0 0 0 0 0 0 0 0 0 0 0 0 0 0 0 0 0 0 0 0 0 0 0 0 0 1 1 1 1 1 1 0 0 0 0 0 0 0 0 0 0 
1 1 1 0 1 1 1 1 1 1 0 1 1 1 1 1 1 1 1 0 0 0 0 0 0 0 0 0 0 0 0 1 1 1 1 1 1 0 0 0 1 1 0 0 0 0 0 
1 1 1 0 1 1 1 1 1 1 0 1 1 1 1 1 1 1 1 0 0 0 0 0 0 0 0 0 0 0 0 1 1 1 1 1 1 0 0 0 1 1 0 0 0 0 0 
1 1 1 0 1 1 1 1 1 1 0 1 1 1 1 1 1 1 1 0 0 0 0 0 0 0 0 0 0 0 0 1 1 1 1 1 1 0 0 0 1 1 0 0 0 0 0 
generating tree...done
generating primes...done

255024 primes to test
matches:
8 (E=5.08): [2, 31, ]/[2, 31, 0, 6, 7, ]
8 (E=5.08): [2, 31, ]/[2, 31, 0, 7, 6, ]
8 (E=5.08): [2, 31, ]/[2, 31, 6, 0, 7, ]
8 (E=5.08): [2, 31, ]/[2, 31, 6, 7, 0, ]
8 (E=5.08): [2, 31, ]/[2, 31, 7, 0, 6, ]
8 (E=5.08): [2, 31, ]/[2, 31, 7, 6, 0, ]
8 (E=5.08): [7, 33, ]/[7, 33, 2, 12, 13, ]
8 (E=5.08): [7, 33, ]/[7, 33, 2, 13, 12, ]
8 (E=5.08): [7, 33, ]/[7, 33, 12, 2, 13, ]
8 (E=5.08): [7, 33, ]/[7, 33, 12, 13, 2, ]
8 (E=5.08): [7, 33, ]/[7, 33, 13, 2, 12, ]
8 (E=5.08): [7, 33, ]/[7, 33, 13, 12, 2, ]
8 (E=5.08): [11, 35, ]/[11, 35, 6, 12, 16, ]
8 (E=5.08): [11, 35, ]/[11, 35, 6, 16, 12, ]
8 (E=5.08): [11, 35, ]/[11, 35, 12, 6, 16, ]
8 (E=5.08): [11, 35, ]/[11, 35, 12, 16, 6, ]
8 (E=5.08): [11, 35, ]/[11, 35, 16, 6, 12, ]
8 (E=5.08): [11, 35, ]/[11, 35, 16, 12, 6, ]
8 (E=5.08): [12, 36, ]/[12, 36, 7, 11, 17, ]
8 (E=5.08): [12, 36, ]/[12, 36, 7, 17, 11, ]
8 (E=5.08): [12, 36, ]/[12, 36, 11, 7, 17, ]
8 (E=5.08): [12, 36, ]/[12, 36, 11, 17, 7, ]
8 (E=5.08): [12, 36, ]/[12, 36, 17, 7, 11, ]
8 (E=5.08): [12, 36, ]/[12, 36, 17, 11, 7, ]

unique matches:
8 (E=5.08): [2, 31, ]/[2, 31, 0, 6, 7, ]
8 (E=5.08): [7, 33, ]/[7, 33, 2, 12, 13, ]
8 (E=5.08): [11, 35, ]/[11, 35, 6, 12, 16, ]
8 (E=5.08): [12, 36, ]/[12, 36, 7, 11, 17, ]

M0 for 413.smol:
0 0 0 0 0 0 0 0 0 0 0 0 0 0 0 0 0 0 0 0 0 0 0 0 0 0 0 0 0 0 0 0 0 0 0 0 0 0 0 0 0 0 0 0 0 0 0 
0 0 0 0 0 0 0 0 0 0 0 0 0 0 0 0 0 0 0 0 0 0 0 0 0 0 0 0 0 0 0 0 0 0 0 0 0 0 0 1 0 0 0 0 0 0 0 
0 1 1 1 1 0 0 0 0 1 1 0 0 0 0 0 0 0 0 0 0 0 0 0 0 0 0 0 0 0 0 0 0 0 0 0 0 0 1 1 0 0 0 0 0 0 0 
0 1 1 1 1 0 0 0 0 1 1 0 0 0 0 0 0 0 0 0 0 0 0 0 0 0 0 0 0 0 0 0 0 0 0 0 0 0 1 1 0 0 0 0 0 0 0 
generating tree...done
generating primes...done

0 primes to test
matches:

unique matches:

M0 for 502.smol:
0 0 0 0 0 0 0 0 0 0 0 0 0 1 0 0 0 1 0 0 0 0 0 0 0 0 0 0 0 0 0 0 0 0 0 0 0 0 0 0 0 0 0 0 0 0 0 
0 0 0 0 0 0 0 0 0 0 0 0 0 0 0 0 0 0 0 0 0 0 0 0 0 0 0 0 0 0 0 0 0 0 0 0 0 1 0 0 0 0 1 0 0 0 0 
0 0 1 0 0 0 0 1 0 0 0 1 1 0 0 0 1 0 0 1 0 0 0 1 0 0 0 1 0 0 0 0 0 0 0 0 0 1 0 0 0 0 1 1 1 1 1 
generating tree...done
generating primes...done

52 primes to test
matches:
8 (E=-41.5): [13, 37, ]/[13, 37, 7, ]
8 (E=-41.5): [17, 42, ]/[17, 42, 12, ]

unique matches:
8 (E=-41.5): [13, 37, ]/[13, 37, 7, ]
8 (E=-41.5): [17, 42, ]/[17, 42, 12, ]

M0 for 205-206.smol:
0 0 0 0 0 0 0 0 0 0 0 0 0 0 0 0 0 0 0 0 0 0 0 0 0 0 0 0 0 0 0 0 0 0 0 0 0 0 0 0 0 0 0 0 0 0 0 
0 0 0 0 0 0 0 0 0 0 0 0 0 0 0 0 0 0 0 0 0 0 0 0 0 0 0 0 0 0 0 0 0 0 0 0 0 0 0 0 0 0 0 0 0 0 0 
0 0 0 0 0 0 0 0 0 0 0 0 0 0 0 0 0 0 0 0 0 0 0 0 0 0 0 0 0 0 0 0 0 0 0 0 0 0 0 0 0 0 0 0 0 0 0 
generating tree...done
generating primes...done

0 primes to test
matches:

unique matches:

M0 for 707-709.smol:
0 0 0 0 0 0 0 0 0 0 0 0 0 0 0 0 0 0 0 0 0 0 0 0 0 0 0 0 0 0 0 0 0 0 0 0 0 0 0 0 0 0 0 0 0 0 0 
1 1 1 0 1 1 1 1 1 1 0 1 1 1 1 1 1 1 1 0 0 0 0 0 0 0 0 0 0 0 0 1 1 1 1 1 1 0 0 0 1 1 0 0 0 0 0 
1 1 1 0 1 1 1 1 1 1 0 1 1 1 1 1 1 1 1 0 0 0 0 0 0 0 0 0 0 0 0 1 1 1 1 1 1 0 0 0 1 1 0 0 0 0 0 
1 1 1 0 1 1 1 1 1 1 0 1 1 1 1 1 1 1 1 0 0 0 0 0 0 0 0 0 0 0 0 1 1 1 1 1 1 0 0 0 1 1 0 0 0 0 0 
1 1 1 0 1 1 1 1 1 1 0 1 1 1 1 1 1 1 1 0 0 0 0 0 0 0 0 0 0 0 0 1 1 1 1 1 1 0 0 0 1 1 0 0 0 0 0 
generating tree...done
generating primes...done

0 primes to test
matches:

unique matches:

M0 for 412.smol:
0 1 1 1 1 0 0 0 0 1 1 0 0 0 0 0 0 0 0 0 0 0 0 0 0 0 0 0 0 0 0 0 0 0 0 0 0 0 1 1 0 0 0 0 0 0 0 
0 0 0 0 0 0 0 0 0 0 0 0 0 0 0 0 0 0 0 0 0 0 0 0 0 0 0 0 0 0 0 0 0 0 0 0 0 0 0 0 0 0 0 0 0 0 0 
0 0 0 0 0 0 0 0 0 0 0 0 0 0 0 0 0 0 0 0 0 0 0 0 0 0 0 0 0 0 0 0 0 0 0 0 0 0 0 1 0 0 0 0 0 0 0 
0 0 0 0 0 0 0 0 0 0 0 0 0 0 0 0 0 0 0 0 0 0 0 0 0 0 0 0 0 0 0 0 0 0 0 0 0 0 0 1 0 0 0 0 0 0 0 
generating tree...done
generating primes...done

0 primes to test
matches:

unique matches:

M0 for 612.smol:
0 0 0 0 0 0 0 0 0 0 0 0 0 0 0 0 0 0 0 0 0 0 0 0 0 0 0 0 0 0 0 0 0 0 0 0 0 0 0 0 0 0 0 0 0 0 0 
0 0 0 0 0 0 0 0 0 0 0 0 0 0 0 0 0 0 0 0 0 0 0 0 0 0 0 0 0 0 0 0 1 0 1 0 0 0 0 0 0 0 0 0 0 0 0 
1 1 1 0 1 1 1 1 1 1 0 1 1 1 1 1 1 1 1 0 0 0 0 0 0 0 0 0 0 0 0 1 1 1 1 1 1 0 0 0 1 1 0 0 0 0 0 
generating tree...done
generating primes...done

0 primes to test
matches:

unique matches:

M0 for 503-504.smol:
0 0 0 0 0 0 1 0 0 0 0 0 0 0 0 0 0 0 0 0 0 0 0 0 0 0 0 0 0 0 0 0 0 0 0 0 0 0 0 0 0 0 0 0 0 0 0 
0 0 1 0 0 0 0 1 0 0 0 1 1 0 0 0 1 0 0 1 0 0 0 1 0 0 0 1 0 0 0 0 0 0 0 0 0 1 0 0 0 0 1 1 1 1 1 
0 0 1 0 0 0 0 1 0 0 0 1 1 0 0 0 1 0 0 1 0 0 0 1 0 0 0 1 0 0 0 0 0 0 0 0 0 1 0 0 0 0 1 1 1 1 1 
generating tree...done
generating primes...done

182 primes to test
matches:
10 (E=-23.2): [6, ]/[6, 11, 2, ]
10 (E=-23.2): [6, ]/[6, 2, 11, ]

unique matches:
10 (E=-23.2): [6, ]/[6, 11, 2, ]

M0 for 601-602.605.smol:
0 0 0 0 0 0 0 0 0 0 0 0 0 0 0 0 0 0 0 0 0 0 0 0 0 0 0 0 0 0 0 0 0 0 0 0 0 0 0 0 0 0 0 0 0 0 0 
0 0 0 0 0 0 0 0 0 0 0 0 0 0 0 0 0 0 0 0 0 0 0 0 0 0 0 0 0 0 0 0 1 0 1 0 0 0 0 0 0 0 0 0 0 0 0 
1 1 1 0 1 1 1 1 1 1 0 1 1 1 1 1 1 1 1 0 0 0 0 0 0 0 0 0 0 0 0 1 1 1 1 1 1 0 0 0 1 1 0 0 0 0 0 
1 1 1 0 1 1 1 1 1 1 0 1 1 1 1 1 1 1 1 0 0 0 0 0 0 0 0 0 0 0 0 1 1 1 1 1 1 0 0 0 1 1 0 0 0 0 0 
generating tree...done
generating primes...done

0 primes to test
matches:

unique matches:

M0 for 411.smol:
0 1 1 1 1 0 0 0 0 1 1 0 0 0 0 0 0 0 0 0 0 0 0 0 0 0 0 0 0 0 0 0 0 0 0 0 0 0 1 1 0 0 0 0 0 0 0 
0 0 0 0 0 0 0 0 0 0 0 0 0 0 0 0 0 0 0 0 0 0 0 0 0 0 0 0 0 0 0 0 0 0 0 0 0 0 0 0 0 0 0 0 0 0 0 
0 0 0 0 0 0 0 0 0 0 0 0 0 0 0 0 0 0 0 0 0 0 0 0 0 0 0 0 0 0 0 0 0 0 0 0 0 0 0 1 0 0 0 0 0 0 0 
generating tree...done
generating primes...done

0 primes to test
matches:

unique matches:

M0 for 401.smol:
0 0 0 0 0 0 0 0 0 0 0 0 0 0 0 0 0 0 0 0 0 0 0 0 0 0 0 0 0 0 0 0 0 0 0 0 0 0 0 0 0 0 0 0 0 0 0 
0 0 0 0 0 0 0 0 0 0 0 0 0 0 0 0 0 0 0 0 0 0 0 0 0 0 0 0 0 0 0 0 0 0 0 0 0 0 0 1 0 0 0 0 0 0 0 
0 0 0 0 0 0 0 0 0 0 0 0 0 0 0 0 0 0 0 0 0 0 0 0 0 0 0 0 0 0 0 0 0 0 0 0 0 0 0 1 0 0 0 0 0 0 0 
0 0 0 0 0 0 0 0 0 0 0 0 0 0 0 0 0 0 0 0 0 0 0 0 0 0 0 0 0 0 0 0 0 0 0 0 0 0 0 1 0 0 0 0 0 0 0 
0 1 1 1 1 0 0 0 0 1 1 0 0 0 0 0 0 0 0 0 0 0 0 0 0 0 0 0 0 0 0 0 0 0 0 0 0 0 1 1 0 0 0 0 0 0 0 
generating tree...done
generating primes...done

0 primes to test
matches:

unique matches:

M0 for 604.smol:
0 0 0 0 0 0 0 0 0 0 0 0 0 0 0 0 0 0 0 0 0 0 0 0 0 0 0 0 0 0 0 0 0 0 0 0 0 0 0 0 0 0 0 0 0 0 0 
0 0 0 0 0 0 0 0 0 0 0 0 0 0 0 0 0 0 0 0 0 0 0 0 0 0 0 0 0 0 0 0 1 0 1 0 0 0 0 0 0 0 0 0 0 0 0 
0 0 0 0 0 0 0 0 0 0 0 0 0 0 0 0 0 0 0 0 0 0 0 0 0 0 0 0 0 0 0 0 1 0 1 0 0 0 0 0 0 0 0 0 0 0 0 
1 1 1 0 1 1 1 1 1 1 0 1 1 1 1 1 1 1 1 0 0 0 0 0 0 0 0 0 0 0 0 1 1 1 1 1 1 0 0 0 1 1 0 0 0 0 0 
generating tree...done
generating primes...done

0 primes to test
matches:

unique matches:

M0 for 402.smol:
0 0 0 0 0 0 0 0 0 0 0 0 0 0 0 0 0 0 0 0 0 0 0 0 0 0 0 0 0 0 0 0 0 0 0 0 0 0 0 0 0 0 0 0 0 0 0 
0 0 0 0 0 0 0 0 0 0 0 0 0 0 0 0 0 0 0 0 0 0 0 0 0 0 0 0 0 0 0 0 0 0 0 0 0 0 0 1 0 0 0 0 0 0 0 
0 0 0 0 0 0 0 0 0 0 0 0 0 0 0 0 0 0 0 0 0 0 0 0 0 0 0 0 0 0 0 0 0 0 0 0 0 0 0 1 0 0 0 0 0 0 0 
0 1 1 1 1 0 0 0 0 1 1 0 0 0 0 0 0 0 0 0 0 0 0 0 0 0 0 0 0 0 0 0 0 0 0 0 0 0 1 1 0 0 0 0 0 0 0 
generating tree...done
generating primes...done

0 primes to test
matches:

unique matches:

M0 for 418.smol:
1 0 0 0 0 1 0 0 1 0 0 0 0 0 1 0 0 0 0 0 0 0 0 0 0 0 0 0 0 0 0 0 0 0 0 0 0 0 0 0 0 0 0 0 0 0 0 
0 1 1 1 1 0 0 0 0 1 1 0 0 0 0 0 0 0 0 0 0 0 0 0 0 0 0 0 0 0 0 0 0 0 0 0 0 0 1 1 0 0 0 0 0 0 0 
generating tree...done
generating primes...done

32 primes to test
matches:

unique matches:

M0 for 408.smol:
0 0 0 0 0 0 0 0 0 0 0 0 0 0 0 0 0 0 0 0 0 0 0 0 0 0 0 0 0 0 0 0 0 0 0 0 0 0 0 0 0 0 0 0 0 0 0 
0 0 0 0 0 0 0 0 0 0 0 0 0 0 0 0 0 0 0 0 0 0 0 0 0 0 0 0 0 0 0 0 0 0 0 0 0 0 0 1 0 0 0 0 0 0 0 
0 1 1 1 1 0 0 0 0 1 1 0 0 0 0 0 0 0 0 0 0 0 0 0 0 0 0 0 0 0 0 0 0 0 0 0 0 0 1 1 0 0 0 0 0 0 0 
0 1 1 1 1 0 0 0 0 1 1 0 0 0 0 0 0 0 0 0 0 0 0 0 0 0 0 0 0 0 0 0 0 0 0 0 0 0 1 1 0 0 0 0 0 0 0 
0 1 1 1 1 0 0 0 0 1 1 0 0 0 0 0 0 0 0 0 0 0 0 0 0 0 0 0 0 0 0 0 0 0 0 0 0 0 1 1 0 0 0 0 0 0 0 
generating tree...done
generating primes...done

0 primes to test
matches:

unique matches:

M0 for 404-405.409.smol:
1 0 0 0 0 0 0 0 0 0 0 0 0 0 0 0 0 0 0 0 0 0 0 0 0 0 0 0 0 0 0 0 0 0 0 0 0 0 0 0 0 0 0 0 0 0 0 
0 1 1 1 1 0 0 0 0 1 1 0 0 0 0 0 0 0 0 0 0 0 0 0 0 0 0 0 0 0 0 0 0 0 0 0 0 0 1 1 0 0 0 0 0 0 0 
0 1 1 1 1 0 0 0 0 1 1 0 0 0 0 0 0 0 0 0 0 0 0 0 0 0 0 0 0 0 0 0 0 0 0 0 0 0 1 1 0 0 0 0 0 0 0 
0 1 1 1 1 0 0 0 0 1 1 0 0 0 0 0 0 0 0 0 0 0 0 0 0 0 0 0 0 0 0 0 0 0 0 0 0 0 1 1 0 0 0 0 0 0 0 
generating tree...done
generating primes...done

336 primes to test
matches:
16 (E=24.4): [0, ]/[0, 3, 2, 1, ]
16 (E=24.4): [0, ]/[0, 3, 1, 2, ]
16 (E=24.4): [0, ]/[0, 2, 3, 1, ]
16 (E=24.4): [0, ]/[0, 2, 1, 3, ]
16 (E=24.4): [0, ]/[0, 1, 3, 2, ]
16 (E=24.4): [0, ]/[0, 1, 2, 3, ]

unique matches:
16 (E=24.4): [0, ]/[0, 3, 2, 1, ]

M0 for 414-415.smol:
0 0 0 0 0 1 0 0 1 0 0 0 0 0 1 0 0 0 0 0 0 0 0 0 0 0 0 0 0 0 0 0 0 0 0 0 0 0 0 0 0 0 0 0 0 0 0 
0 1 1 1 1 0 0 0 0 1 1 0 0 0 0 0 0 0 0 0 0 0 0 0 0 0 0 0 0 0 0 0 0 0 0 0 0 0 1 1 0 0 0 0 0 0 0 
0 1 1 1 1 0 0 0 0 1 1 0 0 0 0 0 0 0 0 0 0 0 0 0 0 0 0 0 0 0 0 0 0 0 0 0 0 0 1 1 0 0 0 0 0 0 0 
generating tree...done
generating primes...done

168 primes to test
matches:
17 (E=16.1): [5, ]/[5, 1, 10, ]
17 (E=16.1): [8, ]/[8, 4, 3, ]
17 (E=16.1): [14, ]/[14, 10, 9, ]

unique matches:
17 (E=16.1): [5, ]/[5, 1, 10, ]
17 (E=16.1): [8, ]/[8, 4, 3, ]
17 (E=16.1): [14, ]/[14, 10, 9, ]

M0 for 410.smol:
0 0 0 0 0 0 0 0 0 0 0 0 0 0 0 0 0 0 0 0 0 0 0 0 0 0 0 0 0 0 0 0 0 0 0 0 0 0 0 0 0 0 0 0 0 0 0 
0 1 1 1 1 0 0 0 0 1 1 0 0 0 0 0 0 0 0 0 0 0 0 0 0 0 0 0 0 0 0 0 0 0 0 0 0 0 1 1 0 0 0 0 0 0 0 
0 1 1 1 1 0 0 0 0 1 1 0 0 0 0 0 0 0 0 0 0 0 0 0 0 0 0 0 0 0 0 0 0 0 0 0 0 0 1 1 0 0 0 0 0 0 0 
0 1 1 1 1 0 0 0 0 1 1 0 0 0 0 0 0 0 0 0 0 0 0 0 0 0 0 0 0 0 0 0 0 0 0 0 0 0 1 1 0 0 0 0 0 0 0 
0 1 1 1 1 0 0 0 0 1 1 0 0 0 0 0 0 0 0 0 0 0 0 0 0 0 0 0 0 0 0 0 0 0 0 0 0 0 1 1 0 0 0 0 0 0 0 
generating tree...done
generating primes...done

0 primes to test
matches:

unique matches:

covers:
3 (E=-254): [24, 27, 28, 29, 30, 45, 46, ]/[29, 28, 30, 27, 24, 46, 45, 23, ]
finding energy for 3 (E=-254): [24, 27, 28, 29, 30, 45, 46, ]/[29, 28, 30, 27, 24, 46, 45, 23, ]
no options, assigned default E=-254

6 (E=-208): [18, 19, 21, 22, 43, ]/[16, 18, 19, 20, 22, 21, 43, ]
finding energy for 6 (E=-208): [18, 19, 21, 22, 43, ]/[16, 18, 19, 20, 22, 21, 43, ]
trying RING:1 (RING)
[-1, 1, 1, -1, 0, 0, 0, ]
graph index 16 -> 0
graph index 18 -> 0
match failed
no matches, assigned default E=-208

6 (E=-208): [20, 23, 25, 26, 44, ]/[19, 20, 23, 24, 26, 25, 44, ]
finding energy for 6 (E=-208): [20, 23, 25, 26, 44, ]/[19, 20, 23, 24, 26, 25, 44, ]
trying RING:1 (RING)
[-1, 1, 1, -1, 0, 0, 0, ]
graph index 19 -> 0
graph index 20 -> 0
match failed
no matches, assigned default E=-208

6 (E=10.5): [15, 38, ]/[15, 38, 39, 9, ]
finding energy for 6 (E=10.5): [15, 38, ]/[15, 38, 39, 9, ]
trying RING:1 (RING)
[-2, 0, -1, -1, ]
graph index 15 -> 0
match failed
no matches, assigned default E=10.5

7 (E=1.62): [16, 40, 41, ]/[16, 41, 40, 18, 11, ]
finding energy for 7 (E=1.62): [16, 40, 41, ]/[16, 41, 40, 18, 11, ]
trying RING:1 (RING)
[1, 0, 0, -1, -1, ]
graph index 16 -> 0
match failed
no matches, assigned default E=1.62

7 (E=15.7): [1, ]/[1, 4, 5, 0, ]
finding energy for 7 (E=15.7): [1, ]/[1, 4, 5, 0, ]
trying AROMATIC:1 (AROMATIC)
[2, -1, -1, -1, ]
graph index 1 -> 1
match failed
trying RING:2 (RING)
[2, -1, -1, -1, ]
graph index 1 -> 2
checking for [AROMATIC, ] in [AROMATIC, RING, ]
exception with: [AROMATIC, ]
match failed
trying AROMATIC:3 (AROMATIC)
[1, -2, -2, -1, ]
graph index 1 -> 1
checking for [] in [AROMATIC, RING, ]
graph index 4 -> 1
graph index 5 -> 1
graph index 0 -> 0
match found with E=6.95

7 (E=15.7): [3, ]/[3, 8, 32, 0, ]
finding energy for 7 (E=15.7): [3, ]/[3, 8, 32, 0, ]
trying AROMATIC:1 (AROMATIC)
[2, -1, -1, -1, ]
graph index 3 -> 0
match failed
trying RING:2 (RING)
[2, -1, -1, -1, ]
graph index 3 -> 1
match failed
trying AROMATIC:3 (AROMATIC)
[1, -2, -2, -1, ]
graph index 3 -> 0
match failed
trying AROMATIC:4 (AROMATIC)
[1, -2, -1, -2, ]
graph index 3 -> 0
match failed
trying RING:5 (RING)
[1, -2, -2, -1, ]
graph index 3 -> 1
checking for [] in [RING, ]
graph index 8 -> 1
graph index 32 -> 0
match failed
trying RING:6 (RING)
[1, -2, -1, -2, ]
graph index 3 -> 1
checking for [] in [RING, ]
graph index 8 -> 1
graph index 32 -> 0
graph index 0 -> 1
match found with E=32.1

7 (E=15.7): [4, ]/[4, 1, 9, 8, ]
finding energy for 7 (E=15.7): [4, ]/[4, 1, 9, 8, ]
trying AROMATIC:1 (AROMATIC)
[2, -1, -1, -1, ]
graph index 4 -> 1
match failed
trying RING:2 (RING)
[2, -1, -1, -1, ]
graph index 4 -> 2
checking for [AROMATIC, ] in [AROMATIC, ORDINAL_CARBON, RING, ]
exception with: [AROMATIC, ]
match failed
trying AROMATIC:3 (AROMATIC)
[1, -2, -2, -1, ]
graph index 4 -> 1
checking for [] in [AROMATIC, ORDINAL_CARBON, RING, ]
graph index 1 -> 1
graph index 9 -> 1
graph index 8 -> 0
match found with E=6.95

7 (E=15.7): [9, ]/[9, 14, 15, 4, ]
finding energy for 7 (E=15.7): [9, ]/[9, 14, 15, 4, ]
trying AROMATIC:1 (AROMATIC)
[2, -1, -1, -1, ]
graph index 9 -> 1
match failed
trying RING:2 (RING)
[2, -1, -1, -1, ]
graph index 9 -> 1
match failed
trying AROMATIC:3 (AROMATIC)
[1, -2, -2, -1, ]
graph index 9 -> 1
checking for [] in [AROMATIC, ORDINAL_CARBON, RING, ]
graph index 14 -> 1
graph index 15 -> 0
match failed
trying AROMATIC:4 (AROMATIC)
[1, -2, -1, -2, ]
graph index 9 -> 1
checking for [] in [AROMATIC, ORDINAL_CARBON, RING, ]
graph index 14 -> 1
graph index 15 -> 0
graph index 4 -> 1
match found with E=6.95

7 (E=15.7): [10, ]/[10, 5, 34, 14, ]
finding energy for 7 (E=15.7): [10, ]/[10, 5, 34, 14, ]
trying AROMATIC:1 (AROMATIC)
[2, -1, -1, -1, ]
graph index 10 -> 1
match failed
trying RING:2 (RING)
[2, -1, -1, -1, ]
graph index 10 -> 1
match failed
trying AROMATIC:3 (AROMATIC)
[1, -2, -2, -1, ]
graph index 10 -> 1
checking for [] in [AROMATIC, RING, ]
graph index 5 -> 1
graph index 34 -> 0
match failed
trying AROMATIC:4 (AROMATIC)
[1, -2, -1, -2, ]
graph index 10 -> 1
checking for [] in [AROMATIC, RING, ]
graph index 5 -> 1
graph index 34 -> 0
graph index 14 -> 1
match found with E=6.95

8 (E=5.08): [2, 31, ]/[2, 31, 0, 6, 7, ]
finding energy for 8 (E=5.08): [2, 31, ]/[2, 31, 0, 6, 7, ]
trying RING:1 (RING)
[2, 0, -1, -1, -1, ]
graph index 2 -> 1
match failed
trying RING:2 (RING)
[1, 0, -1, -1, -1, ]
graph index 2 -> 1
checking for [] in [ORDINAL_CARBON, RING, ]
graph index 31 -> 0
graph index 0 -> 1
graph index 6 -> 1
graph index 7 -> 1
match found with E=4.84

8 (E=5.08): [7, 33, ]/[7, 33, 2, 12, 13, ]
finding energy for 8 (E=5.08): [7, 33, ]/[7, 33, 2, 12, 13, ]
trying RING:1 (RING)
[2, 0, -1, -1, -1, ]
graph index 7 -> 1
match failed
trying RING:2 (RING)
[1, 0, -1, -1, -1, ]
graph index 7 -> 1
checking for [] in [ORDINAL_CARBON, RING, ]
graph index 33 -> 0
graph index 2 -> 1
graph index 12 -> 1
graph index 13 -> 0
match found with E=4.84

8 (E=5.08): [11, 35, ]/[11, 35, 6, 12, 16, ]
finding energy for 8 (E=5.08): [11, 35, ]/[11, 35, 6, 12, 16, ]
trying RING:1 (RING)
[2, 0, -1, -1, -1, ]
graph index 11 -> 1
match failed
trying RING:2 (RING)
[1, 0, -1, -1, -1, ]
graph index 11 -> 1
checking for [] in [ORDINAL_CARBON, RING, ]
graph index 35 -> 0
graph index 6 -> 1
graph index 12 -> 1
graph index 16 -> 0
match found with E=4.84

8 (E=5.08): [12, 36, ]/[12, 36, 7, 11, 17, ]
finding energy for 8 (E=5.08): [12, 36, ]/[12, 36, 7, 11, 17, ]
trying RING:1 (RING)
[2, 0, -1, -1, -1, ]
graph index 12 -> 1
match failed
trying RING:2 (RING)
[1, 0, -1, -1, -1, ]
graph index 12 -> 1
checking for [] in [ORDINAL_CARBON, RING, ]
graph index 36 -> 0
graph index 7 -> 1
graph index 11 -> 1
graph index 17 -> 0
match found with E=4.84

8 (E=-41.5): [13, 37, ]/[13, 37, 7, ]
finding energy for 8 (E=-41.5): [13, 37, ]/[13, 37, 7, ]
no options, assigned default E=-41.5

8 (E=-41.5): [17, 42, ]/[17, 42, 12, ]
finding energy for 8 (E=-41.5): [17, 42, ]/[17, 42, 12, ]
no options, assigned default E=-41.5

10 (E=-23.2): [6, ]/[6, 11, 2, ]
finding energy for 10 (E=-23.2): [6, ]/[6, 11, 2, ]
trying RING:1 (RING)
[1, -1, -1, ]
graph index 6 -> 1
checking for [] in [RING, ]
graph index 11 -> 1
graph index 2 -> 1
match found with E=-36.6

16 (E=24.4): [0, ]/[0, 3, 2, 1, ]
finding energy for 16 (E=24.4): [0, ]/[0, 3, 2, 1, ]
trying RING:1 (RING)
[2, -1, -1, -1, ]
graph index 0 -> 1
match failed
trying RING:2 (RING)
[1, -1, -1, -1, ]
graph index 0 -> 1
checking for [] in [RING, ]
graph index 3 -> 1
graph index 2 -> 1
graph index 1 -> 2
match found with E=22.1

17 (E=16.1): [5, ]/[5, 1, 10, ]
finding energy for 17 (E=16.1): [5, ]/[5, 1, 10, ]
trying RING:1 (RING)
[1, -1, -1, ]
graph index 5 -> 1
checking for [] in [AROMATIC, RING, ]
graph index 1 -> 2
graph index 10 -> 1
match found with E=4.17

17 (E=16.1): [8, ]/[8, 4, 3, ]
finding energy for 17 (E=16.1): [8, ]/[8, 4, 3, ]
trying RING:1 (RING)
[1, -1, -1, ]
graph index 8 -> 1
checking for [] in [RING, ]
graph index 4 -> 2
graph index 3 -> 1
match found with E=4.17

17 (E=16.1): [14, ]/[14, 10, 9, ]
finding energy for 17 (E=16.1): [14, ]/[14, 10, 9, ]
trying RING:1 (RING)
[1, -1, -1, ]
graph index 14 -> 1
checking for [] in [AROMATIC, RING, ]
graph index 10 -> 1
graph index 9 -> 1
match found with E=4.17

energy for tests/ATP=-674.75 calculated in 58 seconds
